15 	 45003747 	 45003748 	 PT003
15 	 45003746 	 45003747 	 PT039
18 	 60985341 	 60985342 	 PT007
18 	 60985760 	 60985761 	 PT007
18 	 60985308 	 60985309 	 PT011
18 	 60985301 	 60985302 	 PT015
18 	 60985342 	 60985343 	 PT015
18 	 60985670 	 60985671 	 PT015
18 	 60985725 	 60985726 	 PT015
18 	 60985866 	 60985867 	 PT015
18 	 60985896 	 60985897 	 PT015
18 	 60985730 	 60985731 	 PT017
18 	 60985292 	 60985293 	 PT020
18 	 60985678 	 60985679 	 PT020
18 	 60985721 	 60985722 	 PT020
18 	 60985760 	 60985761 	 PT020
18 	 60985363 	 60985364 	 PT030
18 	 60985598 	 60985599 	 PT030
18 	 60985514 	 60985515 	 PT034
18 	 60985542 	 60985543 	 PT034
18 	 60985545 	 60985546 	 PT034
18 	 60985628 	 60985629 	 PT034
18 	 60985727 	 60985728 	 PT034
18 	 60985891 	 60985892 	 PT034
18 	 60985629 	 60985630 	 PT042
12 	 92538122 	 92538123 	 439
1 	 203276289 	 203276290 	 PT025
1 	 203276297 	 203276298 	 PT025
6 	 41903688 	 41903689 	 PT003
6 	 41903688 	 41903689 	 PT020
1 	 117086999 	 117087000 	 PT013
1 	 117087022 	 117087025 	 PT040
17 	 62006680 	 62006681 	 PT019
17 	 62006825 	 62006826 	 PT019
17 	 62006660 	 62006661 	 PT020
17 	 62006798 	 62006799 	 PT022
17 	 62006799 	 62006800 	 PT025
16 	 3786766 	 3786767 	 260
16 	 3786748 	 3786749 	 PT004
16 	 3781323 	 3781324 	 PT032
6 	 56327903 	 56327904 	 PT025
6 	 56481864 	 56481865 	 PT039
2 	 96810086 	 96810087 	 PT036
7 	 148508728 	 148508729 	 PT007
7 	 148508727 	 148508728 	 PT015
7 	 148508728 	 148508729 	 PT017
7 	 148508727 	 148508728 	 PT032
7 	 148508728 	 148508729 	 PT034
7 	 148508727 	 148508728 	 PT039
10 	 90773991 	 90773992 	 198
10 	 90762876 	 90762877 	 PT020
10 	 90773918 	 90773919 	 PT032
10 	 90762808 	 90762809 	 PT039
10 	 90774058 	 90774059 	 PT039
10 	 90773992 	 90773993 	 PT011
10 	 90773125 	 90773126 	 PT025
13 	 41239736 	 41239737 	 260
13 	 41240286 	 41240287 	 260
13 	 41240304 	 41240305 	 260
13 	 41240280 	 41240281 	 PT007
13 	 41240322 	 41240323 	 PT015
13 	 41240349 	 41240350 	 PT015
13 	 41134441 	 41134442 	 PT019
13 	 41239965 	 41239966 	 PT036
13 	 41240015 	 41240016 	 PT039
13 	 41133974 	 41133975 	 PT042
17 	 63010480 	 63010481 	 PT025
3 	 50289546 	 50289547 	 PT007
2 	 133174949 	 133174950 	 PT033
6 	 26156994 	 26156995 	 260
6 	 26156856 	 26156857 	 PT026
6 	 26156846 	 26156847 	 PT030
6 	 26156969 	 26156970 	 PT040
19 	 19260045 	 19260046 	 PT003
19 	 19261535 	 19261536 	 PT007
19 	 19260083 	 19260084 	 PT017
19 	 19260045 	 19260046 	 PT034
19 	 19260049 	 19260050 	 PT034
12 	 49422605 	 49422606 	 260
12 	 49428410 	 49428411 	 PT032
7 	 151879023 	 151879024 	 PT032
11 	 60230571 	 60230572 	 PT039
11 	 60234459 	 60234466 	 PT039
8 	 128750731 	 128750732 	 PT007
8 	 128750683 	 128750684 	 PT011
3 	 38182641 	 38182642 	 198
3 	 38182641 	 38182642 	 PT022
3 	 38182641 	 38182642 	 PT023
3 	 38182641 	 38182642 	 PT026
3 	 38182641 	 38182642 	 PT019
3 	 38182025 	 38182026 	 PT030
3 	 38182641 	 38182642 	 PT040
6 	 44232741 	 44232742 	 PT025
6 	 44229483 	 44229484 	 PT039
6 	 44229487 	 44229488 	 PT039
6 	 44232732 	 44232733 	 PT039
6 	 44232741 	 44232742 	 PT040
6 	 37138354 	 37138355 	 PT022
6 	 37138901 	 37138909 	 PT022
6 	 37139073 	 37139074 	 PT022
6 	 37139063 	 37139064 	 PT030
6 	 37138315 	 37138339 	 PT036
6 	 37138901 	 37138902 	 PT036
13 	 48954198 	 48954199 	 PT020
6 	 134495730 	 134495731 	 260
16 	 11349004 	 11349005 	 PT039
16 	 11349031 	 11349032 	 PT039
16 	 11349144 	 11349145 	 PT039
16 	 11349287 	 11349288 	 PT039
16 	 11349290 	 11349291 	 PT039
16 	 11349329 	 11349330 	 PT039
16 	 11349332 	 11349333 	 PT039
12 	 57498348 	 57498349 	 260
12 	 57496661 	 57496662 	 PT012
12 	 57496661 	 57496662 	 PT015
12 	 57496662 	 57496663 	 PT020
12 	 57496662 	 57496663 	 PT034
12 	 57490429 	 57490430 	 PT042
12 	 57500304 	 57500305 	 PAN103
12 	 57496661 	 57496662 	 PAN60
12 	 57496661 	 57496662 	 PT004
12 	 57496662 	 57496663 	 PT035
X 	 12994451 	 12994452 	 PT025
1 	 2488166 	 2488167 	 260
17 	 7578406 	 7578407 	 260
17 	 7574018 	 7574019 	 PT018
1 	 117078586 	 117078587 	 PT003
6 	 37138897 	 37138900 	 PT022
19 	 19260033 	 19260034 	 PT023
10 	 90773125 	 90773126 	 PT025
1 	 117113524 	 117113525 	 PT036
6 	 37138900 	 37138901 	 PT036
8 	 128750945 	 128750946 	 PT019
8 	 128752803 	 128752804 	 PT019
8 	 128748680 	 128748681 	 PT018
8 	 128748687 	 128748688 	 PT018
18 	 60985308 	 60985309 	 PT011
6 	 37138901 	 37138902 	 PT036
6 	 41903731 	 41903732 	 PT025
