"chr_var"	"start_var"	"end_var"	"chr_cnv"	"start_cnv"	"end_cnv"	"overlap"	"TITAN_call"	"local_cnv"	"minor_cn"	"major_cn"	"prevalence"	"purity"	"patient"	"purity_corrected"	"vaf_mean"
"10"	90762808	90762809	"10"	294165	135186806	0	"NLOH"	2	0	2	0.31	0.59	"PT39"	0.82	0.32904
"10"	90774058	90774059	"10"	294165	135186806	0	"NLOH"	2	0	2	0.31	0.59	"PT39"	0.82	0.32904
"11"	60230571	60230572	"11"	193096	134239394	0	"NLOH"	2	0	2	0.31	0.59	"PT39"	0.82	0.32904
"11"	60234459	60234466	"11"	193096	134239394	0	"NLOH"	2	0	2	0.31	0.59	"PT39"	0.82	0.32904
"13"	41240015	41240016	"13"	19755690	115064542	0	"NLOH"	2	0	2	0.31	0.59	"PT39"	0.82	0.32904
"15"	45003746	45003747	"15"	44181218	86077189	0	"NLOH"	2	0	2	0.99	0.59	"PT39"	0.82	0.32904
"16"	11349004	11349005	"16"	2040453	90109711	0	"NLOH"	2	0	2	0.31	0.59	"PT39"	0.82	0.32904
"16"	11349031	11349032	"16"	2040453	90109711	0	"NLOH"	2	0	2	0.31	0.59	"PT39"	0.82	0.32904
"16"	11349144	11349145	"16"	2040453	90109711	0	"NLOH"	2	0	2	0.31	0.59	"PT39"	0.82	0.32904
"16"	11349287	11349288	"16"	2040453	90109711	0	"NLOH"	2	0	2	0.31	0.59	"PT39"	0.82	0.32904
"16"	11349290	11349291	"16"	2040453	90109711	0	"NLOH"	2	0	2	0.31	0.59	"PT39"	0.82	0.32904
"16"	11349329	11349330	"16"	2040453	90109711	0	"NLOH"	2	0	2	0.31	0.59	"PT39"	0.82	0.32904
"16"	11349332	11349333	"16"	2040453	90109711	0	"NLOH"	2	0	2	0.31	0.59	"PT39"	0.82	0.32904
"6"	44229483	44229484	"6"	41554993	170858228	0	"HET"	2	1	1	NA	0.59	"PT39"	0.82	0.32904
"6"	44229487	44229488	"6"	41554993	170858228	0	"HET"	2	1	1	NA	0.59	"PT39"	0.82	0.32904
"6"	44232732	44232733	"6"	41554993	170858228	0	"HET"	2	1	1	NA	0.59	"PT39"	0.82	0.32904
"6"	56481864	56481865	"6"	41554993	170858228	0	"HET"	2	1	1	NA	0.59	"PT39"	0.82	0.32904
"7"	148508727	148508728	"7"	540518	158902741	0	"NLOH"	2	0	2	0.31	0.59	"PT39"	0.82	0.32904
"13"	41240280	41240281	"13"	19751544	114542858	0	"HET"	2	1	1	NA	0.94	"PT007"	1.05428571428571	0.425446
"18"	60985341	60985342	"18"	10487918	77917264	0	"HET"	2	1	1	NA	0.94	"PT007"	1.05428571428571	0.425446
"18"	60985760	60985761	"18"	10487918	77917264	0	"HET"	2	1	1	NA	0.94	"PT007"	1.05428571428571	0.425446
"19"	19261535	19261536	"19"	281360	59082605	0	"HET"	2	1	1	NA	0.94	"PT007"	1.05428571428571	0.425446
"3"	50289546	50289547	"3"	50332697	197717569	43151	"HET"	2	1	1	NA	0.94	"PT007"	1.05428571428571	0.425446
"7"	148508728	148508729	"7"	540741	158480274	0	"HET"	2	1	1	NA	0.94	"PT007"	1.05428571428571	0.425446
"8"	128750731	128750732	"8"	193585	146171437	0	"HET"	2	1	1	NA	0.94	"PT007"	1.05428571428571	0.425446
"10"	90773992	90773993	"10"	51549473	135373768	0	"HET"	2	1	1	NA	0.33	"PT011"	0.345	0.175216
"18"	60985308	60985309	"18"	319935	77896242	0	"HET"	2	1	1	NA	0.33	"PT011"	0.345	0.175216
"8"	128750683	128750684	"8"	107754583	146076708	0	"HET"	2	1	1	NA	0.33	"PT011"	0.345	0.175216
"18"	60985730	60985731	"18"	618124	77067000	0	"NLOH"	2	0	2	0.72	0.58	"PT017"	1.1	0.459716
"19"	19260083	19260084	"19"	15124474	19232666	27418	"NLOH"	2	0	2	0.99	0.58	"PT017"	1.1	0.459716
"7"	148508728	148508729	"7"	102462453	158896517	0	"NLOH"	2	0	2	0.5	0.58	"PT017"	1.1	0.459716
"10"	90762876	90762877	"10"	85962650	104244139	0	"DLOH"	1	0	1	0.98	0.78	"PT20"	0.997777777777778	0.348044
"12"	57496662	57496663	"12"	305254	65604694	0	"HET"	2	1	1	NA	0.78	"PT20"	0.997777777777778	0.348044
"13"	48954198	48954199	"13"	42032572	80911525	0	"DLOH"	1	0	1	0.98	0.78	"PT20"	0.997777777777778	0.348044
"17"	62006660	62006661	"17"	63683	81043039	0	"HET"	2	1	1	NA	0.78	"PT20"	0.997777777777778	0.348044
"18"	60985292	60985293	"18"	203081	77894844	0	"HET"	2	1	1	NA	0.78	"PT20"	0.997777777777778	0.348044
"18"	60985678	60985679	"18"	203081	77894844	0	"HET"	2	1	1	NA	0.78	"PT20"	0.997777777777778	0.348044
"18"	60985721	60985722	"18"	203081	77894844	0	"HET"	2	1	1	NA	0.78	"PT20"	0.997777777777778	0.348044
"18"	60985760	60985761	"18"	203081	77894844	0	"HET"	2	1	1	NA	0.78	"PT20"	0.997777777777778	0.348044
"6"	41903688	41903689	"6"	33048640	170892848	0	"HET"	2	1	1	NA	0.78	"PT20"	0.997777777777778	0.348044
"18"	60985363	60985364	"18"	204780	77918221	0	"NLOH"	2	0	2	0.16	0.9	"PT30"	0.912	0.315996
"18"	60985598	60985599	"18"	204780	77918221	0	"NLOH"	2	0	2	0.16	0.9	"PT30"	0.912	0.315996
"3"	38182025	38182026	"3"	1369278	47288905	0	"HET"	2	1	1	NA	0.9	"PT30"	0.912	0.315996
"6"	26156846	26156847	"6"	395889	26410524	0	"ASCNA"	4	1	3	0.5	0.9	"PT30"	0.912	0.315996
"6"	37139063	37139064	"6"	32709179	56482801	0	"ASCNA"	4	1	3	0.5	0.9	"PT30"	0.912	0.315996
"12"	57496662	57496663	"12"	247900	133732624	0	"HET"	2	1	1	NA	0.87	"PT34"	0.896	0.346961
"18"	60985514	60985515	"18"	166819	77895192	0	"HET"	2	1	1	NA	0.87	"PT34"	0.896	0.346961
"18"	60985542	60985543	"18"	166819	77895192	0	"HET"	2	1	1	NA	0.87	"PT34"	0.896	0.346961
"18"	60985545	60985546	"18"	166819	77895192	0	"HET"	2	1	1	NA	0.87	"PT34"	0.896	0.346961
"18"	60985628	60985629	"18"	166819	77895192	0	"HET"	2	1	1	NA	0.87	"PT34"	0.896	0.346961
"18"	60985727	60985728	"18"	166819	77895192	0	"HET"	2	1	1	NA	0.87	"PT34"	0.896	0.346961
"18"	60985891	60985892	"18"	166819	77895192	0	"HET"	2	1	1	NA	0.87	"PT34"	0.896	0.346961
"19"	19260045	19260046	"19"	6213734	58790713	0	"HET"	2	1	1	NA	0.87	"PT34"	0.896	0.346961
"19"	19260049	19260050	"19"	6213734	58790713	0	"HET"	2	1	1	NA	0.87	"PT34"	0.896	0.346961
"7"	148508728	148508729	"7"	136587843	148543525	0	"GAIN"	3	1	2	0.76	0.87	"PT34"	0.896	0.346961
"12"	92538122	92538123	"12"	247900	133732624	0	"DLOH"	1	0	1	0.36	0.74	"439"	0.34	NA
"1"	203276289	203276290	"1"	871334	249150205	0	"NLOH"	2	0	2	0.16	0.92	"PT25"	0.766	0.346868
"1"	203276297	203276298	"1"	871334	249150205	0	"NLOH"	2	0	2	0.16	0.92	"PT25"	0.766	0.346868
"10"	90773125	90773126	"10"	95353	135371466	0	"NLOH"	2	0	2	0.16	0.92	"PT25"	0.766	0.346868
"17"	62006799	62006800	"17"	26988334	81043039	0	"NLOH"	2	0	2	0.99	0.92	"PT25"	0.766	0.346868
"17"	63010480	63010481	"17"	26988334	81043039	0	"NLOH"	2	0	2	0.99	0.92	"PT25"	0.766	0.346868
"6"	41903731	41903732	"6"	32709204	44117727	0	"HET"	2	1	1	NA	0.92	"PT25"	0.766	0.346868
"6"	44232741	44232742	"6"	44216289	53160344	0	"DLOH"	1	0	1	0.99	0.92	"PT25"	0.766	0.346868
"6"	56327903	56327904	"6"	53762210	170888208	0	"NLOH"	2	0	2	0.16	0.92	"PT25"	0.766	0.346868
"X"	12994451	12994452	"X"	2700202	154774707	0	"NLOH"	2	0	2	0.16	0.92	"PT25"	0.766	0.346868
"1"	117086999	117087000	"1"	13936822	117122130	0	"NLOH"	2	0	2	0.98	0.86	"PT013"	1.78	0.464035
"1"	117087022	117087025	"1"	95293005	120469077	0	"NLOH"	2	0	2	0.99	0.76	"PT40"	1.255	0.370635
"3"	38182641	38182642	"3"	386247	197581147	0	"ALOH"	3	0	3	0.13	0.76	"PT40"	1.255	0.370635
"6"	26156969	26156970	"6"	549364	29643877	0	"NLOH"	2	0	2	0.99	0.76	"PT40"	1.255	0.370635
"6"	44232741	44232742	"6"	40998167	55406670	0	"NLOH"	2	0	2	0.99	0.76	"PT40"	1.255	0.370635
"13"	41134441	41134442	"13"	19751544	114839462	0	"NLOH"	2	0	2	0.16	0.97	"PT19"	1.00333333333333	0.341121
"17"	62006680	62006681	"17"	11536049	81051007	0	"NLOH"	2	0	2	0.16	0.97	"PT19"	1.00333333333333	0.341121
"17"	62006825	62006826	"17"	11536049	81051007	0	"NLOH"	2	0	2	0.16	0.97	"PT19"	1.00333333333333	0.341121
"3"	38182641	38182642	"3"	24169313	77695034	0	"ASCNA"	4	1	3	0.49	0.97	"PT19"	1.00333333333333	0.341121
"8"	128750945	128750946	"8"	381266	146171437	0	"NLOH"	2	0	2	0.16	0.97	"PT19"	1.00333333333333	0.341121
"8"	128752803	128752804	"8"	381266	146171437	0	"NLOH"	2	0	2	0.16	0.97	"PT19"	1.00333333333333	0.341121
"17"	62006798	62006799	"17"	41847300	81042978	0	"HET"	2	1	1	NA	0.55	"PT22"	0.516666666666667	0.159317
"3"	38182641	38182642	"3"	367757	196921360	0	"HET"	2	1	1	NA	0.55	"PT22"	0.516666666666667	0.159317
"6"	37138354	37138355	"6"	32797876	170878886	0	"HET"	2	1	1	NA	0.55	"PT22"	0.516666666666667	0.159317
"6"	37138897	37138900	"6"	32797876	170878886	0	"HET"	2	1	1	NA	0.55	"PT22"	0.516666666666667	0.159317
"6"	37138901	37138909	"6"	32797876	170878886	0	"HET"	2	1	1	NA	0.55	"PT22"	0.516666666666667	0.159317
"6"	37139073	37139074	"6"	32797876	170878886	0	"HET"	2	1	1	NA	0.55	"PT22"	0.516666666666667	0.159317
"1"	2488166	2488167	"1"	879317	144915624	0	"DLOH"	1	0	1	0.38	0.49	"260"	0.67	NA
"12"	49422605	49422606	"12"	48596241	50297670	0	"DLOH"	1	0	1	0.38	0.49	"260"	0.67	NA
"12"	57498348	57498349	"12"	52912906	102468660	0	"ALOH"	4	0	4	0.38	0.49	"260"	0.67	NA
"13"	41239736	41239737	"13"	20978006	115064542	0	"DLOH"	1	0	1	0.69	0.49	"260"	0.67	NA
"13"	41240286	41240287	"13"	20978006	115064542	0	"DLOH"	1	0	1	0.69	0.49	"260"	0.67	NA
"13"	41240304	41240305	"13"	20978006	115064542	0	"DLOH"	1	0	1	0.69	0.49	"260"	0.67	NA
"16"	3786766	3786767	"16"	105320	89762410	0	"DLOH"	1	0	1	0.43	0.49	"260"	0.67	NA
"17"	7578406	7578407	"17"	260182	81009813	0	"DLOH"	1	0	1	0.43	0.49	"260"	0.67	NA
"6"	26156994	26156995	"6"	18258516	29638434	0	"DLOH"	1	0	1	1	0.49	"260"	0.67	NA
"6"	134495730	134495731	"6"	30953977	170893364	0	"DLOH"	1	0	1	0.43	0.49	"260"	0.67	NA
"12"	57496661	57496662	"12"	406292	133732624	0	"DLOH"	1	0	1	0.75	0.54	"PT004"	1.07	0.548903
"16"	3786748	3786749	"16"	105444	19775269	0	"DLOH"	1	0	1	0.98	0.54	"PT004"	1.07	0.548903
"10"	90773918	90773919	"10"	95074	135204950	0	"HET"	2	1	1	NA	0.69	"PT32"	0.564	0.092637
"12"	49428410	49428411	"12"	278127	133732624	0	"HET"	2	1	1	NA	0.69	"PT32"	0.564	0.092637
"16"	3781323	3781324	"16"	1364140	90128224	0	"HET"	2	1	1	NA	0.69	"PT32"	0.564	0.092637
"7"	148508727	148508728	"7"	101740606	158902741	0	"HET"	2	1	1	NA	0.69	"PT32"	0.564	0.092637
"7"	151879023	151879024	"7"	101740606	158902741	0	"HET"	2	1	1	NA	0.69	"PT32"	0.564	0.092637
"1"	117113524	117113525	"1"	871334	177250670	0	"HET"	2	1	1	NA	0.62	"PT36"	0.977714285714286	0.314335
"13"	41239965	41239966	"13"	19751544	79915389	0	"HET"	2	1	1	NA	0.62	"PT36"	0.977714285714286	0.314335
"2"	96810086	96810087	"2"	3217908	242814463	0	"HET"	2	1	1	NA	0.62	"PT36"	0.977714285714286	0.314335
"6"	37138315	37138339	"6"	34791027	170713682	0	"HET"	2	1	1	NA	0.62	"PT36"	0.977714285714286	0.314335
"6"	37138900	37138901	"6"	34791027	170713682	0	"HET"	2	1	1	NA	0.62	"PT36"	0.977714285714286	0.314335
"6"	37138901	37138902	"6"	34791027	170713682	0	"HET"	2	1	1	NA	0.62	"PT36"	0.977714285714286	0.314335
"10"	90773991	90773992	"10"	95074	135352514	0	"HET"	2	1	1	NA	0.62	"198"	0.38	NA
"3"	38182641	38182642	"3"	361508	97499654	0	"HET"	2	1	1	NA	0.62	"198"	0.38	NA
"2"	133174949	133174950	"2"	272051	227974191	0	"NLOH"	2	0	2	0.14	0.97	"PT33"	0.46	0.24025
"3"	38182641	38182642	"3"	361508	143515899	0	"UBCNA"	5	2	3	0.61	0.75	"PT26"	1.11	0.256864
"6"	26156856	26156857	"6"	486953	29555809	0	"ASCNA"	5	1	4	0.52	0.75	"PT26"	1.11	0.256864
"12"	57496661	57496662	"12"	56359878	78415452	0	"HET"	2	1	1	NA	0.84	"PT012"	0.76	0.394634
"12"	57500304	57500305	"12"	6954875	60173356	0	"GAIN"	3	1	2	0.61	0.62	"PAN103"	0.78	NA
"12"	57496661	57496662	"12"	332362	118681158	0	"GAIN"	3	1	2	0.3	0.99	"PAN60"	0.34	NA
"12"	57496662	57496663	"12"	247900	133732624	0	"NLOH"	2	0	2	0.15	1	"PT35"	0.18	0.094781
"17"	7574018	7574019	"17"	171098	18232012	0	"NLOH"	2	0	2	1	0.97	"PT018"	1.46	0.432166
"8"	128748680	128748681	"8"	128748385	128750413	0	"ASCNA"	4	1	3	1	0.97	"PT018"	1.46	0.432166
"8"	128748687	128748688	"8"	128748385	128750413	0	"ASCNA"	4	1	3	1	0.97	"PT018"	1.46	0.432166
