ENTREZ.ID
60
355
567
596
604
605
613
639
673
677
694
695
896
931
948
965
970
974
1373
1387
1654
1840
2033
2113
2120
2146
2296
2308
2475
3006
3008
3106
3109
3394
3566
3603
3662
3845
4261
4288
4609
4615
4790
4792
4794
4851
4853
5292
5452
5770
5925
5994
6446
6774
6778
6890
6928
7114
7128
7157
7319
7465
7514
7832
7852
7874
8085
8289
8295
8358
8633
8651
8744
8764
8915
9172
9294
9308
9320
9380
9435
9903
10672
11040
23013
23067
25942
26148
27445
29072
29126
29760
53335
54790
55754
57448
57565
64332
79633
79707
79718
80149
84159
84166
84329
84433
84687
85236
89857
114884
137970
157680
219972
286530
440712
100271849
