Prob.BN2	Prob.EZB	Prob.MCD	Prob.N1	Prob.SDT	Prob.A53
0.06231065437047925	0.018124240409614387	0.02472901940264988	0.07645806771443531	0.005869864883438161	0.0031513903513638677
0.06309409815562904	0.026960571037278693	0.9302644964914075	0.07645806771443531	0.0011228155167466263	0.003146182756855579
0.999908402517792	0.008292223310953731	0.7762684232937342	0.07645806771443531	0.7143943161190166	0.0011221698423885648
0.012611377098927392	0.008292223310953731	2.007293268169942e-05	0.07645806771443531	0.005882134996971367	0.02462439650958898
0.012611377098927392	0.018124240409614387	2.007293268169942e-05	0.07645806771443531	0.0247987942588678	0.0019293917152323407
0.012611377098927392	0.028906756989371507	8.65092550625649e-05	0.07645806771443531	0.0011228155167466263	0.0012444896401950358
0.012611377098927392	0.05737139701291052	0.0020845559005709833	0.07645806771443531	0.0011228155167466263	0.003614428460959301
0.012611377098927392	0.008292223310953731	0.07368005591358247	0.07645806771443531	0.0011228155167466263	0.999801600528783
0.16820028840145607	0.026960571037278693	0.7075313574238138	0.07645806771443531	0.020358781154583866	0.0002619820701139268
0.06359134325154668	0.008292223310953731	0.9999926383166398	0.07645806771443531	0.0022205428425468333	0.7779351594370819
0.9052739901139815	0.008292223310953731	4.3529986322030454e-05	0.9961576857231562	0.0011228155167466263	0.0002619820701139268
0.1773996130078054	0.018124240409614387	0.0027102924297027174	0.07645806771443531	0.0011228155167466263	0.0002619820701139268
0.06359134325154668	0.008292223310953731	0.03249032669201303	0.07645806771443531	0.0011228155167466263	0.36342776321944165
0.8183668270763738	0.028906756989371507	2.007293268169942e-05	0.07645806771443531	0.0011228155167466263	0.0031513903513638677
0.44457064097672205	0.008292223310953731	0.13463338197492125	0.07645806771443531	0.004394149059295685	0.0009552642840583701
0.31308298241667426	0.07803775422703749	0.9999789761930253	0.07645806771443531	0.005882134996971367	0.49398446077164126
0.012611377098927392	0.008292223310953731	0.9999984868753828	0.07645806771443531	0.748721605035949	0.008232850747515784
0.6258874224596214	0.3924968628156034	0.0002487974458533676	0.07645806771443531	0.02265804529086811	0.0019293917152323407
0.6613741921072568	0.008292223310953731	0.05085124302281337	0.07645806771443531	0.0022205428425468333	0.9999947276538026
0.9783167872210435	0.9757514829918386	2.007293268169942e-05	0.07645806771443531	0.0011228155167466263	0.08516228405061999
0.012611377098927392	0.008292223310953731	0.02555195341721935	0.07645806771443531	0.005869864883438161	0.03524924728999983
0.0538101932450947	0.008292223310953731	0.8560314644886331	0.07645806771443531	0.00850470265519795	0.9999999999999921
0.28260327121287	0.9996152813452923	0.00038427522122884726	0.07645806771443531	0.06854296968097005	0.0002619820701139268
0.012611377098927392	0.026960571037278693	0.0017821433031571419	0.07645806771443531	0.005869864883438161	0.0018481250306032677
0.10094228099739896	0.008292223310953731	0.007235400909034836	0.07645806771443531	0.0011228155167466263	0.0012444896401950358
0.06231065437047925	0.008292223310953731	0.0008818971532902943	0.9961576857231562	0.0011228155167466263	0.03453768286763289
0.2266527326917865	0.12761729130751104	0.99990842163816	0.07645806771443531	0.0011228155167466263	0.0002619820701139268
0.032985751438644885	0.05764094111233435	0.9999118056842571	0.07645806771443531	0.00444012752782027	0.002457821116793946
0.9899569679848048	0.008292223310953731	0.00012051349465913061	0.07645806771443531	0.005882134996971367	0.8432193191506275
0.11597564920780219	0.008292223310953731	0.0003723133999264251	0.07645806771443531	0.0011228155167466263	0.9999748422067156
0.9659546449427201	0.028906756989371507	0.00012051349465913061	0.07645806771443531	0.424770036898942	0.0002619820701139268
0.18756245835622332	0.008292223310953731	0.0007663455514205535	0.07645806771443531	0.007520327153927255	0.001124031047190927
0.012611377098927392	0.008292223310953731	0.9999969529664249	0.07645806771443531	0.007592231037675221	0.0002619820701139268
0.07038678727970778	0.0903150250648154	0.0023973795678906696	0.07645806771443531	0.0011228155167466263	0.001137107185171655
0.02459565168374115	0.008292223310953731	0.999784787129552	0.07645806771443531	0.011180595364232833	0.9993715880653644
0.06231065437047925	0.05687181349548025	0.6174557200474914	0.07645806771443531	0.9999999600252181	0.007432496806780371
0.9992324241733515	0.008292223310953731	0.7709468213632581	0.07645806771443531	0.016475051277687804	0.0002619820701139268
0.02459565168374115	0.026830411568439544	0.9999878413574131	0.07645806771443531	0.3543452065954083	0.0002619820701139268
0.06359134325154668	0.008292223310953731	0.7991935463849185	0.07645806771443531	0.0011228155167466263	0.009458638346862239
0.03325413447194583	0.018124240409614387	0.0007063032440823413	0.07645806771443531	0.0011228155167466263	0.004459601414435344
0.012611377098927392	0.043037581890893586	0.17680781798074724	0.07645806771443531	0.0011228155167466263	0.007636604402072784
0.06231065437047925	0.062147143729826465	0.44539560629026453	0.07645806771443531	0.0048022266044252205	0.0011221698423885648
0.1632062511824892	0.018124240409614387	0.06380148463259629	0.9961576857231562	0.0011228155167466263	0.0009552642840583701
0.8791774592030858	0.008292223310953731	0.2574342871057918	0.07645806771443531	0.0011228155167466263	0.0019085069896936243
0.7285040844041728	0.16718456782857058	0.08218251006408388	0.07645806771443531	0.0011228155167466263	0.009108190740715985
0.012611377098927392	0.07076038211471151	0.9785941635924856	0.07645806771443531	0.0048022266044252205	0.9999999999998266
0.36177544682577517	0.018124240409614387	0.9999999962061468	0.07645806771443531	0.018653536314255856	0.01863061056212262
0.03325413447194583	0.028906756989371507	0.09066732703460896	0.07645806771443531	0.00850470265519795	0.005528252382761199
0.9999524078272446	0.008292223310953731	2.007293268169942e-05	0.07645806771443531	0.0011228155167466263	0.0013699728178756699
0.032985751438644885	0.008292223310953731	0.07342893192087546	0.07645806771443531	0.05247194032098012	0.007875205272719541
0.012611377098927392	0.1296982753333535	0.9854392618899411	0.07645806771443531	0.0011228155167466263	0.0002619820701139268
0.012611377098927392	0.018124240409614387	0.35340025202901293	0.07645806771443531	0.0011228155167466263	0.012407962270906462
0.9999245391344584	0.49429156289017695	0.002969163961506245	0.07645806771443531	0.07921504088027782	0.0031513903513638677
0.7719879662747636	0.008292223310953731	0.0005754039590924701	0.9961576857231562	0.0011228155167466263	0.0002619820701139268
0.012611377098927392	0.008292223310953731	0.0019429943949474335	0.07645806771443531	0.03562587147213035	0.9999999999995132
0.18756245835622332	0.008292223310953731	0.0005168191831502508	0.07645806771443531	0.0011228155167466263	0.4754789691595418
0.012611377098927392	0.008292223310953731	0.0058607763333276015	0.07645806771443531	0.0011228155167466263	0.001124031047190927
0.5068887987547909	0.018124240409614387	0.9999969598381573	0.2352064573991882	0.036120200992019534	0.0002619820701139268
0.06231065437047925	0.008292223310953731	0.009276414590958315	0.9995819247965803	0.20335379743310358	0.00899948434839393
0.012611377098927392	0.008292223310953731	0.00016010765485120784	0.07645806771443531	0.00858904898137494	0.008232850747515784
0.18756245835622332	0.07076038211471151	0.0064422084001141255	0.07645806771443531	0.0011228155167466263	0.9999930976901634
0.012611377098927392	0.018124240409614387	0.003665941246251685	0.07645806771443531	0.0011228155167466263	0.9820922179250177
0.11597564920780219	0.008292223310953731	0.9986604045684713	0.07645806771443531	0.004394149059295685	0.0052584964276245795
0.07038678727970778	0.008292223310953731	2.007293268169942e-05	0.9961576857231562	0.007951529043392939	0.0019293917152323407
0.4390588981850593	0.008292223310953731	0.03183850288230163	0.07645806771443531	0.0011228155167466263	0.0002619820701139268
0.02459565168374115	0.043037581890893586	0.9998775128825228	0.07645806771443531	0.008662379746538084	0.034492785494379806
0.012611377098927392	0.008292223310953731	0.0005338884241332704	0.07645806771443531	0.0011228155167466263	0.008232850747515784
0.16937612641684552	0.018124240409614387	0.6418537229554059	0.07645806771443531	0.0011228155167466263	0.9998913875024722
0.012611377098927392	0.008292223310953731	0.999377191300904	0.07645806771443531	0.04364381173329047	0.0019293917152323407
0.6368918454132012	0.8817226263958217	6.15924633171168e-05	0.07645806771443531	0.0027235693894644324	0.0002619820701139268
0.4742216349160898	0.008292223310953731	0.9999999902092187	0.07645806771443531	0.0011228155167466263	0.0024773829468183652
0.012611377098927392	0.0903150250648154	0.0029159009898385743	0.07645806771443531	0.037820472876294656	0.9999999994143947
0.012611377098927392	0.0903150250648154	0.9998558642743974	0.07645806771443531	0.004394149059295685	0.001124031047190927
0.012611377098927392	0.008292223310953731	0.00018100141196503419	0.07645806771443531	0.0011228155167466263	0.0002619820701139268
0.11538869987789983	0.018124240409614387	0.0398744867743696	0.07645806771443531	0.0011228155167466263	0.001124031047190927
0.31952888712251165	0.008292223310953731	0.9764429732689506	0.07645806771443531	0.22602816868849956	0.2214141475526262
0.032985751438644885	0.018124240409614387	0.9979468938239158	0.07645806771443531	0.0011228155167466263	0.0007356512990544863
0.6022048120544863	0.0179599050628251	0.9999999994331659	0.07645806771443531	0.022662478067886314	0.15923532863059564
0.012611377098927392	0.008292223310953731	0.22361929555951524	0.07645806771443531	0.0011228155167466263	0.9999989352233494
0.7812706521678545	0.008292223310953731	0.9999463119002817	0.07645806771443531	0.5376569388968917	0.005401485325216109
0.25620588017168255	0.008292223310953731	2.007293268169942e-05	0.07645806771443531	0.0011228155167466263	0.0002619820701139268
0.012611377098927392	0.008292223310953731	6.15924633171168e-05	0.2352064573991882	0.007706439475444391	0.03791240629523713
0.012611377098927392	0.008292223310953731	0.0007213206595806733	0.07645806771443531	0.0011228155167466263	0.9999999824213368
0.07038678727970778	0.9463994598511285	0.009276414590958315	0.9989627683326175	0.9469051724401792	0.9350233756813524
0.012611377098927392	0.018124240409614387	0.09483672460896198	0.07645806771443531	0.0048022266044252205	0.7074109797462506
0.03325413447194583	0.008292223310953731	0.9994692003095983	0.07645806771443531	0.0011228155167466263	0.007888178454804644
0.1507207243938139	0.008292223310953731	0.00012051349465913061	0.07645806771443531	0.0011228155167466263	0.0012927674819174825
0.012611377098927392	0.008292223310953731	0.0027102924297027174	0.07645806771443531	0.0011228155167466263	0.0002619820701139268
0.046196672853035387	0.9996343336099406	0.3666216793358968	0.07645806771443531	0.013260626564296454	0.0024773829468183652
0.1300427175651417	0.018124240409614387	0.9815287180448632	0.07645806771443531	0.0011228155167466263	0.0002619820701139268
0.032985751438644885	0.008292223310953731	0.12866585931497684	0.07645806771443531	0.007706439475444391	0.0002619820701139268
0.5147764068651155	0.062147143729826465	0.9999025097024599	0.07645806771443531	0.0011228155167466263	0.0016905836055613704
0.31308298241667426	0.018124240409614387	0.0011371345116849183	0.07645806771443531	0.0011228155167466263	0.0012444896401950358
0.012611377098927392	0.008292223310953731	0.001656855671338478	0.07645806771443531	0.0048178178274466904	0.9999832993615201
0.0733972136594015	0.08978312160860752	0.3070562704061207	0.07645806771443531	0.0011228155167466263	0.0002619820701139268
0.032985751438644885	0.062147143729826465	0.9859158441604968	0.07645806771443531	0.0011228155167466263	0.0002619820701139268
0.012611377098927392	0.008292223310953731	0.07650133748787065	0.07645806771443531	0.009453898609268357	0.0002619820701139268
0.012611377098927392	0.026830411568439544	0.9999658195929735	0.07645806771443531	0.8508264898622924	0.03827733363339889
0.012611377098927392	0.018124240409614387	0.1717169419690296	0.07645806771443531	0.0048022266044252205	0.9299400125471707
0.20127064882575943	0.05764094111233435	0.9999984365488219	0.07645806771443531	0.5955450167711559	0.009158890185497207
0.12926297899231518	0.018124240409614387	0.03779998085340493	0.4329381792057683	0.4816705275161807	0.0002619820701139268
0.02459565168374115	0.0533792274763881	0.3086515830707472	0.07645806771443531	0.016475051277687804	0.038615203779869545
0.7285040844041728	0.0533792274763881	0.0023869225149355565	0.07645806771443531	0.048923971291659415	0.7369899728676047
0.08471650063321075	0.062147143729826465	0.0013463028765942284	0.07645806771443531	0.005869864883438161	0.0002619820701139268
0.9590856542989342	0.008292223310953731	0.0038535080437277673	0.07645806771443531	0.009453898609268357	0.001124031047190927
0.012611377098927392	0.008292223310953731	0.0011886021276631506	0.07645806771443531	0.0011228155167466263	0.036623047414307636
0.1300427175651417	0.008292223310953731	0.9999999973262463	0.07645806771443531	0.0048178178274466904	0.9993979212801628
0.4184518769663138	0.0179599050628251	0.9999891207737496	0.07645806771443531	0.013260626564296454	0.0007356512990544863
0.012611377098927392	0.008292223310953731	0.9999999781046948	0.07645806771443531	0.005882134996971367	0.0030593041397083682
0.012611377098927392	0.008292223310953731	0.30298817742481227	0.07645806771443531	0.0011228155167466263	0.008232850747515784
0.012611377098927392	0.018124240409614387	2.007293268169942e-05	0.07645806771443531	0.008509649190039392	0.15194605272755143
0.38152805209559304	0.062147143729826465	0.9155202665538995	0.07645806771443531	0.09841881206504316	0.9999905443475202
0.9997962846522742	0.12761729130751104	2.007293268169942e-05	0.07645806771443531	0.0011228155167466263	0.0002619820701139268
0.012611377098927392	0.008292223310953731	0.00017088397139139837	0.07645806771443531	0.0048022266044252205	0.0007356512990544863
0.9536015695618715	0.008292223310953731	0.9750784257492495	0.07645806771443531	0.01747240520446254	0.013474627332038084
0.012611377098927392	0.0179599050628251	0.4232128681593949	0.07645806771443531	0.021002192889797638	0.009108190740715985
0.012611377098927392	0.26276080933956497	0.017289153070605905	0.07645806771443531	0.0011228155167466263	0.007004220160407085
0.2380773583400847	0.008292223310953731	2.007293268169942e-05	0.07645806771443531	0.0011228155167466263	0.999952066198394
0.9984915223364245	0.521254524558624	0.09941626635451092	0.07645806771443531	0.02812431553273555	0.0006801765455128492
0.7033773766732846	0.024907272135625363	0.00208886820556677	0.07645806771443531	0.0693062410033457	0.0019293917152323407
0.23656041519141316	0.008292223310953731	0.0005026441756576756	0.07645806771443531	0.0048022266044252205	0.0337102493214558
0.07038678727970778	0.008292223310953731	0.004294993158775858	0.9961576857231562	0.0011228155167466263	0.005401485325216109
0.012611377098927392	0.018124240409614387	0.9827311537470936	0.07645806771443531	0.0011228155167466263	0.003350860194122196
0.02459565168374115	0.29933336394028803	0.0474701418139347	0.07645806771443531	0.0011228155167466263	0.9999999742673118
0.991952806493698	0.008292223310953731	0.002065224437705198	0.07645806771443531	0.0011228155167466263	0.0002619820701139268
0.19214696915578447	0.32648393184577346	0.4584412314380772	0.07645806771443531	0.0048178178274466904	0.0019293917152323407
0.15449902452605652	0.018124240409614387	4.0582401412646766e-05	0.07645806771443531	0.0011228155167466263	0.0019293917152323407
0.012611377098927392	0.008292223310953731	0.0038389450967769383	0.07645806771443531	0.0011228155167466263	0.0002619820701139268
0.012611377098927392	0.008292223310953731	0.01841826609072948	0.07645806771443531	0.0011228155167466263	0.0002619820701139268
0.16937612641684552	0.062147143729826465	2.007293268169942e-05	0.07645806771443531	0.0048022266044252205	0.008232850747515784
0.012611377098927392	0.008292223310953731	0.046582012363981254	0.07645806771443531	0.0011228155167466263	0.0007356512990544863
0.3795524107251185	0.008292223310953731	0.9999959228569696	0.07645806771443531	0.00444012752782027	0.009988615626577395
0.7767008578736985	0.026830411568439544	0.9896549205051725	0.07645806771443531	0.2036901624250462	0.0002619820701139268
0.012611377098927392	0.008292223310953731	0.9999987349795171	0.07645806771443531	0.015620984123310401	0.0009552642840583701
0.08471650063321075	0.26276080933956497	0.013059475341190622	0.07645806771443531	0.0011228155167466263	0.005401485325216109
0.012611377098927392	0.008292223310953731	0.0019469757959982026	0.07645806771443531	0.0011228155167466263	0.9999976757025281
0.06231065437047925	0.008292223310953731	0.00018418513273595825	0.07645806771443531	0.0011228155167466263	0.0002619820701139268
0.9590856542989342	0.062147143729826465	0.0010858184896154555	0.07645806771443531	0.010766827937615173	0.0019293917152323407
0.012611377098927392	0.008292223310953731	0.002159027483490862	0.07645806771443531	0.0011228155167466263	0.0007356512990544863
0.99999486693075	0.0571391527132549	0.001362265690318047	0.07645806771443531	0.022879572679828045	0.4056159931493579
0.7139728009994705	0.12761729130751104	0.06291171111068083	0.07645806771443531	0.9999996744356072	0.0019293917152323407
0.012611377098927392	0.0533792274763881	0.03584884945416722	0.07645806771443531	0.0011228155167466263	0.0009552642840583701
0.012611377098927392	0.05764094111233435	0.0012862040323826614	0.07645806771443531	0.007520327153927255	0.9999999986362411
0.012611377098927392	0.024907272135625363	0.9998436144148244	0.07645806771443531	0.00850470265519795	0.0058564951729783
0.31308298241667426	0.018124240409614387	0.5512516732624756	0.07645806771443531	0.007706439475444391	0.003420818494039331
0.08471650063321075	0.12761729130751104	0.9984879044597509	0.07645806771443531	0.04783536488662129	0.001124031047190927
0.02459565168374115	0.008292223310953731	0.10815194951625107	0.07645806771443531	0.0048178178274466904	0.0011221698423885648
0.012611377098927392	0.062147143729826465	0.00018100141196503419	0.07645806771443531	0.0011228155167466263	0.9999534866470937
0.9929058844432588	0.018124240409614387	0.005286526670391218	0.07645806771443531	0.0011228155167466263	0.0002619820701139268
0.9792626391928654	0.026960571037278693	0.009646054711114876	0.07645806771443531	0.0011228155167466263	0.0002619820701139268
0.012611377098927392	0.008292223310953731	0.00021398729754198813	0.07645806771443531	0.0011228155167466263	0.9992945663746137
0.012611377098927392	0.018124240409614387	0.08693992543360578	0.07645806771443531	0.028213479169772283	0.0019293917152323407
0.3833816433012754	0.008292223310953731	0.6076070028145221	0.07645806771443531	0.009545697818153433	0.28010694386232105
0.3687413385376642	0.008292223310953731	0.00208886820556677	0.2352064573991882	0.8538294994556967	0.0002619820701139268
0.9016362760338709	0.026960571037278693	0.08895698344391899	0.07645806771443531	0.0011228155167466263	0.0012928620441987671
0.06359134325154668	0.018124240409614387	0.00153304260731314	0.07645806771443531	0.02265804529086811	0.0007356512990544863
0.08471650063321075	0.026960571037278693	2.007293268169942e-05	0.07645806771443531	0.044776049586702504	0.0002619820701139268
0.7128746084070386	0.026960571037278693	0.007358217044463837	0.07645806771443531	0.5588513058455055	0.5109279945413414
0.9998906448892384	0.0752956113439125	0.1036331323373191	0.07645806771443531	0.3202574887373435	0
0.8420217951968674	0.0179599050628251	0.023649581360061386	0.07645806771443531	0.5138087041060678	0.045383167244002334
0.36177544682577517	0.018124240409614387	0.9999999996635477	0.07645806771443531	0.843633320528952	0.0019293917152323407
0.31308298241667426	0.043037581890893586	0.06759526785169868	0.07645806771443531	0.005869864883438161	0.10431100931435944
0.7174328942781085	0.1234091906344342	0.005588602686228313	0.2352064573991882	0.7336014931485078	0.0002619820701139268
0.36177544682577517	0.024907272135625363	0.9999999345784801	0.07645806771443531	0.2898369524164938	0.0002619820701139268
0.9077786410663629	0.008292223310953731	2.007293268169942e-05	0.07645806771443531	0.006696015974799098	0.008232850747515784
0.012611377098927392	0.052912455944472754	0.0016586496481391635	0.9961576857231562	0.9985311208511115	0.0002619820701139268
0.012611377098927392	0.018124240409614387	2.007293268169942e-05	0.07645806771443531	0.0011228155167466263	0.0007356512990544863
0.9965067958425359	0.0179599050628251	0.9739921245704816	0.07645806771443531	0.021356531903931282	0.0002619820701139268
0.25620588017168255	0.08101557791731227	0.037340480279477686	0.07645806771443531	0.0011228155167466263	0.0002619820701139268
0.012611377098927392	0.018124240409614387	0.0027102924297027174	0.07645806771443531	0.0011228155167466263	0.0012167040258418652
0.012611377098927392	0.008292223310953731	0.00011993818979961038	0.07645806771443531	0.03236507402225573	0.0002619820701139268
0.03857467499424158	0.008292223310953731	0.9969846703399655	0.07645806771443531	0.0011228155167466263	0.7069020233963214
0.012611377098927392	0.0179599050628251	0.8914880624773858	0.07645806771443531	0.02041443797882235	0.30325239484162475
0.03478341372198291	0.0752956113439125	0.9999999996548194	0.07645806771443531	0.754814417523767	0
0.9998678406810008	0.4046760476287568	0.02325437103154418	0.07645806771443531	0.025518115753738177	0.008327936101816197
0.5778062272827095	0.024907272135625363	0.7292081542463823	0.07645806771443531	0.0048022266044252205	0.0002619820701139268
0.012611377098927392	0.1439119597703151	0.0005352598360670909	0.07645806771443531	0.05763784783171952	0.999990263557865
0.5456849604372246	0.008292223310953731	0.00606573538821412	0.07645806771443531	0.0011228155167466263	0.019830862316984922
0.02459565168374115	0.008292223310953731	0.638105137424767	0.07645806771443531	0.0011228155167466263	0.99944745757168
0.012611377098927392	0.008292223310953731	0.3004157242363942	0.07645806771443531	0.00890217592763903	0.0018481250306032677
0.012611377098927392	0.008292223310953731	0.0016889567462869317	0.07645806771443531	0.0011228155167466263	0.8382657351259045
0.02459565168374115	0.008292223310953731	0.9999980613871429	0.07645806771443531	0.22528792503426515	0.013363108420995263
0.07038678727970778	0.061661486043373105	0.01261499925277205	0.07645806771443531	0.009453898609268357	0.045383167244002334
0.03325413447194583	0.008292223310953731	0.011059464173237627	0.07645806771443531	0.08459388890876045	0.03797296723866673
0.012611377098927392	0.3088599081034871	0.020067091294567775	0.07645806771443531	0.00444012752782027	0.0007356512990544863
0.012611377098927392	0.0179599050628251	0.0004957260824436056	0.07645806771443531	0.0027235693894644324	0.0019293917152323407
0.012611377098927392	0.12079185733978876	0.5708970507394342	0.07645806771443531	0.016475051277687804	0.0002619820701139268
0.3833816433012754	0.008292223310953731	0.0010064775560537304	0.07645806771443531	0.0011228155167466263	0.001124031047190927
0.012611377098927392	0.008292223310953731	0.9999893331145182	0.07645806771443531	0.4051023780447047	0.9999849684607793
0.02459565168374115	0.018124240409614387	0.00024245999465211189	0.07645806771443531	0.0011228155167466263	0.0019293917152323407
0.08471650063321075	0.008292223310953731	0.013186894686137792	0.07645806771443531	0.01155488720533501	0.05473911196650093
0.012611377098927392	0.008292223310953731	0.0355658261194974	0.07645806771443531	0.00850470265519795	0.8591654364858432
0.032985751438644885	0.16589703650706802	0.5732484663451206	0.07645806771443531	0.19004258496483203	0.0002619820701139268
0.9749555061088316	0.026960571037278693	0.02445620813630156	0.07645806771443531	0.08439701557599347	0.0002619820701139268
0.03325413447194583	0.008292223310953731	0.997377006351156	0.07645806771443531	0.0011228155167466263	0.0019293917152323407
0.012611377098927392	0.008292223310953731	0.2301594466025015	0.9989627683326175	0.009453898609268357	0.0019293917152323407
0.9834949501181315	0.2371011068724269	0.0009073754891635182	0.07645806771443531	0.009545697818153433	0.0019293917152323407
0.032985751438644885	0.008292223310953731	0.0016932901830171597	0.07645806771443531	0.1897411151653165	0.01045241259906138
0.18756245835622332	0.008292223310953731	0.10125725473460212	0.07645806771443531	0.0011228155167466263	0.015875106960004742
0.0538101932450947	0.5073550624982748	8.65092550625649e-05	0.9995819247965803	0.006696015974799098	0.0012444896401950358
0.22832345366294962	0.008292223310953731	0.006516779509206669	0.4329381792057683	0.029590987121394376	0.0002619820701139268
0.999663563764374	0.008292223310953731	0.06820835172537372	0.07645806771443531	0.02089327761128814	0.001124031047190927
0.012611377098927392	0.018124240409614387	0.001566065440534194	0.07645806771443531	0.0011228155167466263	0.0007356512990544863
0.04891694584123721	0.018124240409614387	0.004294993158775858	0.07645806771443531	0.007706439475444391	0.1930839060675172
0.012611377098927392	0.008292223310953731	0.0028025913715551205	0.07645806771443531	0.0022205428425468333	0.0002619820701139268
0.012611377098927392	0.018124240409614387	0.9890072380996285	0.07645806771443531	0.0011228155167466263	0.09219608166074524
0.06309409815562904	0.008292223310953731	0.9986971341697508	0.07645806771443531	0.0011228155167466263	0.04164739289786633
0.35526723337925764	0.059740669582272456	4.5516568802336465e-05	0.07645806771443531	0.013431017047282423	0.0002619820701139268
0.07038678727970778	0.008292223310953731	0.0023994494648539324	0.07645806771443531	0.0022205428425468333	0.0011221698423885648
0.06231065437047925	0.07076038211471151	8.65092550625649e-05	0.9961576857231562	0.004394149059295685	0.019431072151121158
0.03325413447194583	0.008292223310953731	0.9960409475028337	0.07645806771443531	0.31595554823736904	0.5225746595396834
0.012611377098927392	0.008292223310953731	0.0001665491711492161	0.07645806771443531	0.0011228155167466263	0.9999991429952335
0.012611377098927392	0.008292223310953731	2.007293268169942e-05	0.07645806771443531	0.06680246170095705	0.7049642886791889
0.012611377098927392	0.008292223310953731	0.0021732862108286744	0.07645806771443531	0.0011228155167466263	0.0002619820701139268
0.9999450262741226	0.0837110222750891	0.9600560618044879	0.07645806771443531	0.0011228155167466263	0.0019293917152323407
0.012611377098927392	0.1380088550589025	0.9999990399416291	0.07645806771443531	0.6647921766611423	0.0002619820701139268
0.9749555061088316	0.024907272135625363	0.00017088397139139837	0.07645806771443531	0.007706439475444391	0.0002619820701139268
0.02459565168374115	0.008292223310953731	0.9999999886633507	0.07645806771443531	0.0011228155167466263	0.9121039196460831
0.032985751438644885	0.008292223310953731	0.00987718403495101	0.07645806771443531	0.0011228155167466263	0.0002619820701139268
0.08471650063321075	0.008292223310953731	0.06792326557289988	0.07645806771443531	0.0048022266044252205	0.0019293917152323407
0.012611377098927392	0.008292223310953731	2.007293268169942e-05	0.9961576857231562	0.0011228155167466263	0.0002619820701139268
0.9969967723451599	0.18004731104171176	0.025877318037240065	0.07645806771443531	0.005869864883438161	0.0002619820701139268
0.02459565168374115	0.008292223310953731	0.5361659074507206	0.07645806771443531	0.0011228155167466263	0.008219315401227273
0.0538101932450947	0.028906756989371507	0.9999991113731038	0.07645806771443531	0.01747240520446254	0.03205586672522915
0.02459565168374115	0.024907272135625363	0.9999605381886572	0.07645806771443531	0.0048022266044252205	0.00452600738705589
0.012611377098927392	0.008292223310953731	0.13696451324000086	0.07645806771443531	0.06850553777415216	0.6035794996286127
0.046196672853035387	0.008292223310953731	0.9999999997890012	0.07645806771443531	0.06835325102807685	0.0007356512990544863
0.012611377098927392	0.008292223310953731	0.006108530071257923	0.07645806771443531	0.0011228155167466263	0.21983593616384195
0.02459565168374115	0.018124240409614387	0.9982852244097589	0.07645806771443531	0.009453898609268357	0.0016905836055613704
0.012611377098927392	0.008292223310953731	0.011257892259156934	0.07645806771443531	0.00850470265519795	0.013474627332038084
0.7298686171531561	0.008292223310953731	0.9797304355900142	0.07645806771443531	0.033397059178644446	0.0002619820701139268
0.34063334405707213	0.008292223310953731	0.0005391642568316139	0.07645806771443531	0.0011228155167466263	0.001124031047190927
0.0733972136594015	0.1296982753333535	0.9999999489344826	0.07645806771443531	0.009493652517096772	0.0002619820701139268
0.012611377098927392	0.008292223310953731	0.9999993135547602	0.07645806771443531	0.00444012752782027	0.0002619820701139268
0.999935078628724	0.026960571037278693	0.9968953735389728	0.07645806771443531	0.0022205428425468333	0.013363108420995263
0.012611377098927392	0.05687181349548025	0.02466719001808861	0.07645806771443531	0.0027235693894644324	0.0018481250306032677
0.5625657072315444	0.018124240409614387	2.007293268169942e-05	0.07645806771443531	0.0011228155167466263	0.2214905046848301
0.18756245835622332	0.008292223310953731	0.6476109670886587	0.07645806771443531	0.010663318174457781	0.006104845323737047
0.26107348526156465	0.018124240409614387	0.00024362285394652602	0.07645806771443531	0.0011228155167466263	0.005401485325216109
0.40751305752927025	0.008292223310953731	0.7632435068485125	0.07645806771443531	0.005869864883438161	0.0019293917152323407
0.02804490330394418	0.011674989819548634	0.0004087490058919914	0.07645806771443531	0.0840560792010205	0.06320479472307824
0.9994096948918219	0.011674989819548634	0.015600615335084538	0.07645806771443531	0.026245756335284632	0.0002619820701139268
0.09576918210274912	0.011674989819548634	0.00020421264272649312	0.07645806771443531	0.013431017047282423	0.4616940068874058
0.676459086211593	0.008292223310953731	0.9999999973399282	0.07645806771443531	0.4059046254225582	0.001124031047190927
0.9083156590493168	0.05687181349548025	0.8939815225116448	0.07645806771443531	0.12091844518745473	0.0002619820701139268
0.012611377098927392	0.1678327815632337	0.9999870965921274	0.07645806771443531	0.00946307343703119	0.007004220160407085
0.02804490330394418	0.011674989819548634	0.9999981193261075	0.07645806771443531	0.05521431502126537	0.9971792688268216
0.02459565168374115	0.062147143729826465	0.999994363277842	0.07645806771443531	0.00444012752782027	0.0002619820701139268
0.07973277996901226	0.025415133415125926	0.998909784929445	0.07645806771443531	0.6291675880046462	0.0002619820701139268
0.012611377098927392	0.0179599050628251	0.003446016488641208	0.9989627683326175	0.03910600490130539	0.06029543628127459
0.06231065437047925	0.1908764960005908	0.0005627631829953791	0.07645806771443531	0.0011228155167466263	0.17702034535546046
0.18756245835622332	0.1234091906344342	0.0015674307431993604	0.07645806771443531	0.019015967080141916	0.006654720746534978
0.017926364583193827	0.023983498155485627	0.00014312583850132143	0.07645806771443531	0.018063230955436948	0
0.9961936520833027	0.011674989819548634	0.016531419013015827	0.07645806771443531	0.0884844526505925	0.032073000622572824
0.9996722433288379	0.059740669582272456	0.031719634550237054	0.07645806771443531	0.013431017047282423	0.03938987005201778
0.9680859917383032	0.1194113452905034	0.003405618378073686	0.2352064573991882	0.1415763937667545	0
0.42705059851439825	0.023983498155485627	0.0007364216251375233	0.07645806771443531	0.021143713990990888	0
0.012611377098927392	0.018124240409614387	0.5951843605138091	0.07645806771443531	0.0011228155167466263	0.0002619820701139268
0.06309409815562904	0.008292223310953731	0.29343269078549544	0.07645806771443531	0.009453898609268357	0.0007356512990544863
0.02459565168374115	0.008292223310953731	0.9994283580413896	0.07645806771443531	0.005882134996971367	0.0002619820701139268
0.012611377098927392	0.018124240409614387	0.0007213206595806733	0.9961576857231562	0.009453898609268357	0.0019293917152323407
0.18756245835622332	0.008292223310953731	0.5470127686255013	0.07645806771443531	0.0011228155167466263	0.0002619820701139268
0.014404794731933143	0.025415133415125926	0.00041756387968233514	0.07645806771443531	0.013431017047282423	0.0019293917152323407
0.012611377098927392	0.008292223310953731	2.007293268169942e-05	0.9961576857231562	0.0011228155167466263	0.0002619820701139268
0.08471650063321075	0.6319656819165522	9.006633023790282e-05	0.07645806771443531	0.0011228155167466263	0.0002619820701139268
0.02459565168374115	0.008292223310953731	9.736637002125882e-05	0.07645806771443531	0.0011228155167466263	0.008536406504513407
0.02459565168374115	0.008292223310953731	0.9997356525552532	0.07645806771443531	0.00444012752782027	0.9999726728967665
0.02459565168374115	0.008292223310953731	0.002065224437705198	0.07645806771443531	0.0022205428425468333	0.9999999981400848
0.02459565168374115	0.026960571037278693	0.9997777845667798	0.07645806771443531	0.10414366105465814	0.0002619820701139268
0.11597564920780219	0.018124240409614387	0.9999992497562662	0.07645806771443531	0.02089327761128814	0.0002619820701139268
0.03325413447194583	0.018124240409614387	0.00012051349465913061	0.07645806771443531	0.0011228155167466263	0.0055191388286945035
0.1507207243938139	0.008292223310953731	0.00012020459411928578	0.2352064573991882	0.9910194219224351	0.0030593041397083682
0.012611377098927392	0.018124240409614387	0.9947588439098843	0.07645806771443531	0.0048022266044252205	0.0002619820701139268
0.9941286847053475	0.008292223310953731	0.7346727945068915	0.07645806771443531	0.0011228155167466263	0.0002619820701139268
0.6771226812624351	0.1234091906344342	0.0005352598360670909	0.07645806771443531	0.04450218047464744	0.03791240629523713
0.012611377098927392	0.008292223310953731	0.9484669411877636	0.07645806771443531	0.11081869657055778	0.0013699728178756699
0.08413627828901411	0.16316157878096446	0.000452407521265233	0.07645806771443531	0.0011228155167466263	0.0011221698423885648
0.02459565168374115	0.008292223310953731	0.8419703344581491	0.07645806771443531	0.0011228155167466263	0.010865207260532974
0.03857467499424158	0.008292223310953731	0.999176157272477	0.07645806771443531	0.024005917990131107	0.0002619820701139268
0.06231065437047925	0.5864456101955112	0.004743281032732492	0.07645806771443531	0.0011228155167466263	0.021161519193275646
0.9867106205995575	0.018124240409614387	0.00018956369364976581	0.07645806771443531	0.2062971892206816	0.9999999999749715
0.012611377098927392	0.41995966212161534	2.007293268169942e-05	0.07645806771443531	0.0048178178274466904	0.08299370636670801
0.03325413447194583	0.062147143729826465	0.9999995037933165	0.07645806771443531	0.015143107789533972	0.0002619820701139268
0.18756245835622332	0.018124240409614387	8.65092550625649e-05	0.07645806771443531	0.0011228155167466263	0.005401485325216109
0.032985751438644885	0.0179599050628251	0.13282052292783134	0.07645806771443531	0.9999947228007093	0.0002619820701139268
0.012611377098927392	0.008292223310953731	0.06672727111907098	0.9961576857231562	0.03291287536136031	0.001137107185171655
0.9999825929383328	0.03880625718000043	0.4765404958284128	0.07645806771443531	0.11115153390461066	0.0002619820701139268
0.046196672853035387	0.9998599813967954	2.007293268169942e-05	0.07645806771443531	0.0011228155167466263	0.0002619820701139268
0.9999322069976218	0.03880625718000043	0.19718352893860935	0.07645806771443531	0.8790295287575133	0.0002619820701139268
0.9998155133972211	0.008292223310953731	8.800453164065433e-05	0.07645806771443531	0.041396156101148655	0.0002619820701139268
0.012611377098927392	0.008292223310953731	0.0004957260824436056	0.07645806771443531	0.0011228155167466263	0.0002619820701139268
0.9981401439626961	0.3170316917603481	0.002187253774617866	0.07645806771443531	0.0011228155167466263	0.001124031047190927
0.012611377098927392	0.008292223310953731	2.007293268169942e-05	0.07645806771443531	0.007520327153927255	0.0002619820701139268
0.06231065437047925	0.3275994678197305	4.3529986322030454e-05	0.07645806771443531	0.10032650589281039	0.0009552642840583701
0.03857467499424158	0.9838598157388203	2.007293268169942e-05	0.07645806771443531	0.005869864883438161	0.001137107185171655
0.02459565168374115	0.008292223310953731	0.004028200272083699	0.07645806771443531	0.9999628005655956	0.0019293917152323407
0.13281761203360778	0.028906756989371507	0.008284595627334709	0.07645806771443531	0.0011228155167466263	0.0002619820701139268
0.012611377098927392	0.9979111403903737	0.00011993818979961038	0.07645806771443531	0.010609179527622822	0.009108190740715985
0.0733972136594015	0.9988212400233207	4.0582401412646766e-05	0.07645806771443531	0.021932074533972896	0.020870872690510835
0.03325413447194583	0.6397208993206261	2.007293268169942e-05	0.07645806771443531	0.06146737968345572	0.034492785494379806
0.012611377098927392	0.44099861402559326	2.007293268169942e-05	0.07645806771443531	0.0011228155167466263	0.0006801765455128492
0.012611377098927392	0.9999831096802696	2.007293268169942e-05	0.07645806771443531	0.008509649190039392	0.0002619820701139268
0.012611377098927392	0.9999968596494281	6.15924633171168e-05	0.07645806771443531	0.041010390634062	0.001042084577032154
0.31952888712251165	0.16100987374575976	0.00896239543554212	0.07645806771443531	0.004394149059295685	0.0002619820701139268
0.7447238506877698	0.008292223310953731	0.0030848825189776583	0.07645806771443531	0.8237642452477281	0.0002619820701139268
0.012611377098927392	0.9998498115143297	2.007293268169942e-05	0.07645806771443531	0.02275649840654122	0.9662784402363687
0.012611377098927392	0.9936172613024771	0.01227307717567486	0.07645806771443531	0.0027235693894644324	0.0002619820701139268
0.18756245835622332	0.9998773650232214	2.007293268169942e-05	0.07645806771443531	0.0027235693894644324	0.0002619820701139268
0.15449902452605652	0.32164817506682775	4.0582401412646766e-05	0.07645806771443531	0.0011228155167466263	0.9994407296156598
0.012611377098927392	0.0179599050628251	0.0001696797036121746	0.07645806771443531	0.999999985843294	0.0059667136004629955
0.017926364583193827	0.9483830714480807	0.00014312583850132143	0.07645806771443531	0.0026554604640513504	0
0.07038678727970778	0.9667242831257702	0.0004957260824436056	0.07645806771443531	0.46792109139733873	0.001042084577032154
0.02459565168374115	0.877818560436955	0.0010017461107321702	0.07645806771443531	0.034411490748976856	0.0009552642840583701
0.03857467499424158	0.8826865667043445	0.0019263191328137974	0.07645806771443531	0.999999999991456	0.004995923626734667
0.04891694584123721	0.998558753902819	2.007293268169942e-05	0.07645806771443531	0.18675289099769923	0.001124031047190927
0.31308298241667426	0.9502379114939558	0.00024362285394652602	0.07645806771443531	0.0022205428425468333	0.008897383707533414
0.014404794731933143	0.011674989819548634	4.5516568802336465e-05	0.07645806771443531	0.013431017047282423	0.0002619820701139268
0.012611377098927392	0.024907272135625363	2.007293268169942e-05	0.07645806771443531	0.0011228155167466263	0.005690101848294038
0.017926364583193827	0.9999419883722996	0.00014312583850132143	0.07645806771443531	0.02489420753158788	0
0.012611377098927392	0.8886839192991195	3.748774996067758e-05	0.07645806771443531	0.22795131762006968	0.0019293917152323407
0.012611377098927392	0.062147143729826465	2.007293268169942e-05	0.07645806771443531	0.03226322560995798	0.08838373560606114
0.012611377098927392	0.16316157878096446	8.918462061226715e-05	0.07645806771443531	0.004394149059295685	0.9310281088483622
0.02459565168374115	0.026830411568439544	4.0582401412646766e-05	0.07645806771443531	0.9999987154223604	0.0002619820701139268
0.03857467499424158	0.9948704406864807	2.007293268169942e-05	0.07645806771443531	0.03564602520128544	0.005401485325216109
0.02459565168374115	0.6352451834728268	4.0582401412646766e-05	0.07645806771443531	0.0011228155167466263	0.08767436932736059
0.012611377098927392	0.07076038211471151	2.007293268169942e-05	0.07645806771443531	0.010663318174457781	0.0002619820701139268
0.012611377098927392	0.9093251935039756	2.007293268169942e-05	0.07645806771443531	0.024849643531812106	0.0002619820701139268
0.08413627828901411	0.008292223310953731	0.2677017134859244	0.07645806771443531	0.20192877030764414	0.0024773829468183652
0.012611377098927392	0.9998060954361238	0.00012051349465913061	0.07645806771443531	0.009453898609268357	0.9978632175170365
0.012611377098927392	0.3372195096827848	2.007293268169942e-05	0.07645806771443531	0.0027235693894644324	0.0015588397266293535
0.012611377098927392	0.1234091906344342	2.007293268169942e-05	0.07645806771443531	0.9999069352880278	0.0002619820701139268
0.012611377098927392	0.008292223310953731	8.918462061226715e-05	0.07645806771443531	0.0011228155167466263	0.0002619820701139268
0.012611377098927392	0.9999519473377886	3.748774996067758e-05	0.07645806771443531	0.0027235693894644324	0.10849581696663788
0.08727522148060736	0.24490329869581753	0.05137841452821344	0.07645806771443531	0.9999982767572573	0.0002619820701139268
0.07038678727970778	0.9995277012573219	0.002198924102666695	0.07645806771443531	0.00858904898137494	0.9297235222311215
0.046196672853035387	0.996773171977339	2.007293268169942e-05	0.07645806771443531	0.008509649190039392	0.0002619820701139268
0.02459565168374115	0.18004731104171176	0.00024299847582752305	0.07645806771443531	0.00890217592763903	0.005264190406819092
0.06231065437047925	0.99999598644061	0.00012020459411928578	0.07645806771443531	0.053898723124629226	0.0002619820701139268
0.012611377098927392	0.05764094111233435	8.918462061226715e-05	0.07645806771443531	0.0011228155167466263	0.045383167244002334
0.07038678727970778	0.29895688640285845	0.0001752315514936325	0.07645806771443531	0.013260626564296454	0.0002619820701139268
0.02459565168374115	0.008292223310953731	0.0005471918878690622	0.07645806771443531	0.0011228155167466263	0.9999999746166045
0.13185528135667376	0.008292223310953731	0.007892371413047777	0.07645806771443531	0.054690987387674486	0.0002619820701139268
0.012611377098927392	0.008292223310953731	0.00012020459411928578	0.07645806771443531	0.0011228155167466263	0.005759065920509792
0.012611377098927392	0.8826865667043445	0.00012051349465913061	0.07645806771443531	0.0011228155167466263	0.0002619820701139268
0.012611377098927392	0.9997753105579958	2.007293268169942e-05	0.07645806771443531	0.005869864883438161	0.0019293917152323407
0.654722790606644	0.0179599050628251	2.007293268169942e-05	0.07645806771443531	0.06391464609059688	0.0002619820701139268
0.012611377098927392	0.996269235189648	2.007293268169942e-05	0.07645806771443531	0.00850470265519795	0.009459324562012391
0.012611377098927392	0.008292223310953731	2.007293268169942e-05	0.07645806771443531	0.04450218047464744	0.0002619820701139268
0.012611377098927392	0.9999977203010146	0.002582502470946251	0.07645806771443531	0.13845887815170488	0.0002619820701139268
0.017926364583193827	0.8946037340683747	0.00014312583850132143	0.07645806771443531	0.013346962311110764	0
0.012611377098927392	0.7374299159252222	2.007293268169942e-05	0.07645806771443531	0.10389444401553663	0.012338248196434216
0.22911056181471567	0.008292223310953731	3.748774996067758e-05	0.07645806771443531	0.00444012752782027	0.9722506344806218
0.012611377098927392	0.9975258244979758	2.007293268169942e-05	0.07645806771443531	0.00444012752782027	0.14718120851120994
0.1517966674789089	0.9670213850403753	8.918462061226715e-05	0.07645806771443531	0.007592231037675221	0.0002619820701139268
0.012611377098927392	0.992555381157548	2.007293268169942e-05	0.07645806771443531	0.022662478067886314	0.0007356512990544863
0.9760845191567249	0.008292223310953731	0.000903047271115429	0.07645806771443531	0.0048178178274466904	0.007004220160407085
0.012611377098927392	0.9942836527614557	8.65092550625649e-05	0.2352064573991882	0.00444012752782027	0.0002619820701139268
0.012611377098927392	0.008292223310953731	0.00012020459411928578	0.07645806771443531	0.0011228155167466263	0.02377772986084094
0.012611377098927392	0.9999993636321647	0.10350906279622436	0.07645806771443531	0.14815201413659193	0.0012928620441987671
0.8430629608275185	0.9539539383625589	0.00032791272530598544	0.07645806771443531	0.00858904898137494	0.0002619820701139268
0.46679581537716	0.018124240409614387	0.00036111526281792293	0.07645806771443531	0.017152132675017806	0.0052584964276245795
0.012611377098927392	0.35562910239413714	0.021892270313564905	0.07645806771443531	0.999999999354728	0.0012928620441987671
0.012611377098927392	0.008292223310953731	2.007293268169942e-05	0.07645806771443531	0.00850470265519795	0.0012928620441987671
0.31952888712251165	0.9888667777937588	0.012990915365210947	0.2352064573991882	0.054711358275359244	0.010441620693257292
0.763859830965032	0.1234091906344342	0.00018418513273595825	0.07645806771443531	0.0011228155167466263	0.008232850747515784
0.012611377098927392	0.9999731387891297	2.007293268169942e-05	0.07645806771443531	0.0011228155167466263	0.0002619820701139268
0.012611377098927392	0.29933336394028803	0.034688747529930106	0.07645806771443531	0.0048178178274466904	0.9999978926356675
0.012611377098927392	0.9998633763847474	0.0004957260824436056	0.07645806771443531	0.01071948919751898	0.001124031047190927
0.03857467499424158	0.9997857389306919	2.007293268169942e-05	0.07645806771443531	0.007520327153927255	0.21495879369138968
0.012611377098927392	0.008292223310953731	2.007293268169942e-05	0.07645806771443531	0.0011228155167466263	0.0002619820701139268
0.012611377098927392	0.999987183245214	2.007293268169942e-05	0.07645806771443531	0.00444012752782027	0.0002619820701139268
0.9999274033834405	0.008292223310953731	0.001121872959841446	0.07645806771443531	0.0011228155167466263	0.0002619820701139268
0.012611377098927392	0.008292223310953731	0.0010153508500640037	0.07645806771443531	0.010663318174457781	0.0002619820701139268
0.012611377098927392	0.9956116242284886	2.007293268169942e-05	0.07645806771443531	0.0048022266044252205	0.0002619820701139268
0.012611377098927392	0.9884133637678715	0.00018100141196503419	0.07645806771443531	0.0011228155167466263	0.026062558457744297
0.012611377098927392	0.9999979694391856	0.0008676252566471914	0.07645806771443531	0.6314860473562433	0.00275179063188489
0.03325413447194583	0.9848043061803389	0.0011020705830622171	0.07645806771443531	0.01611408404874988	0.9129694047258056
0.9995884250645155	0.23542734259000017	2.007293268169942e-05	0.07645806771443531	0.074582555543855	0.0002619820701139268
0.11597564920780219	0.525259576050031	0.0011626617972822788	0.2352064573991882	0.0011228155167466263	0.00275179063188489
0.012611377098927392	0.008292223310953731	0.00015123319587810195	0.07645806771443531	0.08391670938236727	0.00275179063188489
0.012611377098927392	0.018124240409614387	2.007293268169942e-05	0.07645806771443531	0.0011228155167466263	0.9999999957444858
0.18756245835622332	0.16316157878096446	2.007293268169942e-05	0.07645806771443531	0.0011228155167466263	0.0002619820701139268
0.012611377098927392	0.29895688640285845	2.007293268169942e-05	0.07645806771443531	0.041415683445031534	0.0002619820701139268
0.012611377098927392	0.9992109686286331	2.007293268169942e-05	0.07645806771443531	0.010663318174457781	0.0019293917152323407
0.17269550690124805	0.07076038211471151	0.335708377717436	0.07645806771443531	0.23887494010573293	0.3523600414013188
0.012611377098927392	0.07076038211471151	2.007293268169942e-05	0.07645806771443531	0.036830507716947306	0.0002619820701139268
0.9989761158530325	0.052912455944472754	0.10779267256872109	0.07645806771443531	0.9502152642205474	0.00890639860501937
0.012611377098927392	0.008292223310953731	3.748774996067758e-05	0.07645806771443531	0.019015967080141916	0.0019293917152323407
0.9799191632343939	0.008292223310953731	0.002969163961506245	0.07645806771443531	0.18332370899866635	0.018603595041087988
0.9809880612033917	0.008292223310953731	2.007293268169942e-05	0.07645806771443531	0.005882134996971367	0.001124031047190927
0.03857467499424158	0.03880625718000043	4.3529986322030454e-05	0.07645806771443531	0.08717371547226901	0.0012167040258418652
0.012611377098927392	0.7304784627166818	0.00018418513273595825	0.07645806771443531	0.25468492859113917	0.0019293917152323407
0.13205540801971427	0.9963192761058911	0.00014497478056299317	0.07645806771443531	0.0011228155167466263	0.019431072151121158
0.39795170790413287	0.0179599050628251	0.8387674993901593	0.07645806771443531	0.999999567370327	0.0002619820701139268
0.3180283303440332	0.043037581890893586	2.007293268169942e-05	0.07645806771443531	0.0048178178274466904	0.0012167040258418652
0.35429287346923627	0.1234091906344342	2.007293268169942e-05	0.07645806771443531	0.00890217592763903	0.0002619820701139268
0.5437386221239825	0.0179599050628251	0.04329311470212266	0.07645806771443531	0.9999999698325112	0.040979086160591795
0.9994247154033835	0.026830411568439544	0.00018418513273595825	0.07645806771443531	0.07694201909887785	0.9997301126281201
0.012611377098927392	0.05114959932706089	2.007293268169942e-05	0.07645806771443531	0.9408934549247456	0.02427009118566208
0.18756245835622332	0.55110975754253	0.0010744300208166033	0.07645806771443531	0.7186532183681755	0.0002619820701139268
0.22307281385817873	0.5969099990514168	0.0305740210926851	0.07645806771443531	0.999971764059692	0.019907734206934972
0.06231065437047925	0.024907272135625363	2.007293268169942e-05	0.07645806771443531	0.2325566191938733	0.0002619820701139268
0.012611377098927392	0.9968190772965135	2.007293268169942e-05	0.07645806771443531	0.0011228155167466263	0.0002619820701139268
0.6072668165751515	0.9999881824794683	2.007293268169942e-05	0.07645806771443531	0.05709107213754729	0.00413664753102534
0.012611377098927392	0.024907272135625363	2.007293268169942e-05	0.07645806771443531	0.18246572707344813	0.007636604402072784
0.012611377098927392	0.9324412022242614	2.007293268169942e-05	0.07645806771443531	0.0011228155167466263	0.0002619820701139268
0.893945297772388	0.97886672408013	0.0004957260824436056	0.07645806771443531	0.940785291027093	0.9734627408886489
0.012611377098927392	0.3088599081034871	0.0004957260824436056	0.07645806771443531	0.007520327153927255	0.008232850747515784
0.012611377098927392	0.999948163647164	0.0015282008232446827	0.07645806771443531	0.0011228155167466263	0.001124031047190927
0.012611377098927392	0.877818560436955	0.0010153508500640037	0.07645806771443531	0.008662379746538084	0.0019293917152323407
0.06309409815562904	0.6352451834728268	4.0582401412646766e-05	0.07645806771443531	0.004394149059295685	0.0002619820701139268
0.012611377098927392	0.9998439047675032	2.007293268169942e-05	0.07645806771443531	0.09301128291506154	0.5371165720140048
0.02459565168374115	0.9995214729777523	0.0002171664343705673	0.07645806771443531	0.022157478194622	0.0002619820701139268
0.11597564920780219	0.008292223310953731	4.0582401412646766e-05	0.07645806771443531	0.007706439475444391	0.0012167040258418652
0.012611377098927392	0.008292223310953731	2.007293268169942e-05	0.07645806771443531	0.0011228155167466263	0.0002619820701139268
0.481240027528656	0.9889596729585605	0.00012051349465913061	0.07645806771443531	0.007951529043392939	0.0030593041397083682
0.012611377098927392	0.3924968628156034	2.007293268169942e-05	0.07645806771443531	0.00850470265519795	0.0002619820701139268
0.8749418935512789	0.8160753496547428	0.11747473391302599	0.07645806771443531	0.23806350948587962	0.0014283411456358142
0.012611377098927392	0.026960571037278693	4.8160892745393445e-05	0.07645806771443531	0.0011228155167466263	0.0016419603593838756
0.012611377098927392	0.9999304893763666	2.007293268169942e-05	0.07645806771443531	0.0011228155167466263	0.0002619820701139268
0.933537606839213	0.34463373092291544	2.007293268169942e-05	0.07645806771443531	0.823295922766117	0.0002619820701139268
0.07038678727970778	0.1439119597703151	0.00012020459411928578	0.07645806771443531	0.0011228155167466263	0.020870872690510835
0.03325413447194583	0.008292223310953731	2.007293268169942e-05	0.4329381792057683	0.008509649190039392	0.0002619820701139268
0.03478341372198291	0.023983498155485627	0.00710001232432642	0.07645806771443531	0.7078284958057096	0
0.012611377098927392	0.1234091906344342	2.007293268169942e-05	0.07645806771443531	0.06243012042406308	0.0002619820701139268
0.02459565168374115	0.1234091906344342	4.0582401412646766e-05	0.07645806771443531	0.7220611498991192	0.0002619820701139268
0.012611377098927392	0.062147143729826465	0.00011993818979961038	0.07645806771443531	0.0011228155167466263	0.013363108420995263
0.012611377098927392	0.008292223310953731	2.007293268169942e-05	0.07645806771443531	0.017152132675017806	0.0012444896401950358
0.04891694584123721	0.9969536212831293	2.007293268169942e-05	0.07645806771443531	0.004394149059295685	0.0002619820701139268
0.7506161600929644	0.32335844918823514	0.004372697822010517	0.07645806771443531	0.013260626564296454	0.0012444896401950358
0.9986409870869425	0.008292223310953731	0.03409591400942644	0.07645806771443531	0.041396156101148655	0.0002619820701139268
0.012611377098927392	0.9996534815453563	0.00012051349465913061	0.07645806771443531	0.03551413839064508	0.8376338094014618
0.012611377098927392	0.043037581890893586	2.007293268169942e-05	0.07645806771443531	0.0011228155167466263	0.0002619820701139268
0.04891694584123721	0.0179599050628251	2.007293268169942e-05	0.07645806771443531	0.9980295490361216	0.06399725532890933
0.012611377098927392	0.3197749582037074	2.007293268169942e-05	0.07645806771443531	0.0011228155167466263	0.00899948434839393
0.06231065437047925	0.3275994678197305	0.004310713682958539	0.07645806771443531	0.9999987390737746	0.0045242234081527884
0.10396201838636056	0.07076038211471151	0.022559344132253512	0.07645806771443531	0.136382012357546	0.6420262318511188
0.012611377098927392	0.9999994932461889	0.0001696797036121746	0.07645806771443531	0.04322488367123595	0.0002619820701139268
0.012611377098927392	0.9999960398419914	0.002133095658336376	0.07645806771443531	0.0022205428425468333	0.0002619820701139268
0.9736210443141932	0.008292223310953731	2.007293268169942e-05	0.07645806771443531	0.007706439475444391	0.0002619820701139268
0.012611377098927392	0.0179599050628251	0.00012020459411928578	0.07645806771443531	0.24540253796440595	0.0002619820701139268
0.017926364583193827	0.9902010391212682	0.00014312583850132143	0.07645806771443531	0.022318698318779414	0
0.5456849604372246	0.062147143729826465	0.0042249799009102616	0.07645806771443531	0.03905685772590448	0.0009552642840583701
0.08471650063321075	0.5680116853691886	8.918462061226715e-05	0.2352064573991882	0.031502889093949084	0.0012928620441987671
0.012611377098927392	0.9996330325624847	0.0031819135512863063	0.07645806771443531	0.00850470265519795	0.9999999894371334
0.9998030385519329	0.028906756989371507	0.7397638556424859	0.2352064573991882	0.9622195139040758	0.0009552642840583701
0.046196672853035387	0.9998960128571175	0.0014795492542729655	0.07645806771443531	0.07081731811061298	0.0002619820701139268
0.012611377098927392	0.987623393141939	0.002772016284519482	0.07645806771443531	0.0027235693894644324	0.0019293917152323407
0.012611377098927392	0.008292223310953731	0.4360933227054403	0.07645806771443531	0.0011228155167466263	0.001124031047190927
0.9999941512597145	0.026960571037278693	2.007293268169942e-05	0.07645806771443531	0.0011228155167466263	0.0040892194582859125
0.9875105020771017	0.062147143729826465	0.00018100141196503419	0.07645806771443531	0.0011228155167466263	0.0030593041397083682
0.8941231483965202	0.999984475809469	0.00011458956194464774	0.07645806771443531	0.17248318195326234	0.7808268158436739
0.18756245835622332	0.9991383673083989	2.007293268169942e-05	0.07645806771443531	0.01071948919751898	0.05915170247323407
0.012611377098927392	0.052912455944472754	0.0010179577463935029	0.07645806771443531	0.09306076719670892	0.001124031047190927
0.012611377098927392	0.03880625718000043	0.9465458115991242	0.07645806771443531	0.9999999999999994	0.02939912762648209
0.02459565168374115	0.0679623037846571	0.06786736178780156	0.07645806771443531	0.0022205428425468333	0.012568376959832546
0.9974077082079881	0.026960571037278693	4.0582401412646766e-05	0.07645806771443531	0.00850470265519795	0.03579613668622861
0.03325413447194583	0.062147143729826465	2.007293268169942e-05	0.07645806771443531	0.0048022266044252205	0.0002619820701139268
0.012611377098927392	0.008292223310953731	0.00018418513273595825	0.07645806771443531	0.007706439475444391	0.0002619820701139268
0.4817730051688318	0.8733521270099076	2.007293268169942e-05	0.07645806771443531	0.0011228155167466263	0.0002619820701139268
0.012611377098927392	0.0179599050628251	0.008103523982798271	0.07645806771443531	0.9643250740573203	0.0002619820701139268
0.16820028840145607	0.008292223310953731	0.0010830379965605734	0.07645806771443531	0.9999924892126145	0.013254408915983763
0.9999708132879808	0.18004731104171176	0.00018100141196503419	0.07645806771443531	0.0011228155167466263	0.0019293917152323407
0.2380773583400847	0.008292223310953731	4.3529986322030454e-05	0.07645806771443531	0.0011228155167466263	0.0014283411456358142
0.767597669443232	0.23542734259000017	0.002187253774617866	0.07645806771443531	0.013260626564296454	0.0002619820701139268
0.9932596733793171	0.07076038211471151	0.0003658789895903548	0.07645806771443531	0.7389506438124332	0.0002619820701139268
0.032985751438644885	0.008292223310953731	2.007293268169942e-05	0.07645806771443531	0.0011228155167466263	0.0002619820701139268
0.9962854917840469	0.043037581890893586	0.0037233198689538287	0.07645806771443531	0.009453898609268357	0.0002619820701139268
0.13185528135667376	0.23542734259000017	0.0015196075162235176	0.07645806771443531	0.09306076719670892	0.0002619820701139268
0.012611377098927392	0.44099861402559326	2.007293268169942e-05	0.07645806771443531	0.0011228155167466263	0.0002619820701139268
0.012611377098927392	0.008292223310953731	2.007293268169942e-05	0.07645806771443531	0.0011228155167466263	0.008327936101816197
0.012611377098927392	0.008292223310953731	8.65092550625649e-05	0.07645806771443531	0.0011228155167466263	0.01390957699652568
0.16937612641684552	0.2371011068724269	0.006489230523033502	0.07645806771443531	0.0011228155167466263	0.008232850747515784
0.08471650063321075	0.1678327815632337	2.007293268169942e-05	0.07645806771443531	0.00444012752782027	0.0019293917152323407
0.012611377098927392	0.008292223310953731	2.007293268169942e-05	0.07645806771443531	0.0011228155167466263	0.0002619820701139268
0.6771226812624351	0.12761729130751104	0.00012051349465913061	0.07645806771443531	0.0011228155167466263	0.0032909123450316404
0.48736182634315844	0.3170316917603481	0.07358159768945374	0.07645806771443531	0.05597863138798371	0.0002619820701139268
0.25620588017168255	0.008292223310953731	0.00044997508572904824	0.07645806771443531	0.0011228155167466263	0.0002619820701139268
0.974755531138306	0.018124240409614387	0.000305714364853962	0.07645806771443531	0.0011228155167466263	0.0002619820701139268
0.9986890532539876	0.1256663964278202	0.0021287344696633743	0.2352064573991882	0.2781275137367329	0.6519438994875341
0.9843882374987819	0.008292223310953731	0.000452407521265233	0.07645806771443531	0.17198886331159755	0.001124031047190927
0.25620588017168255	0.008292223310953731	2.007293268169942e-05	0.07645806771443531	0.0011228155167466263	0.003488355410134761
0.012611377098927392	0.018124240409614387	2.007293268169942e-05	0.07645806771443531	0.0011228155167466263	0.0002619820701139268
0.9331568338670981	0.024907272135625363	0.002345752844428771	0.07645806771443531	0.0011228155167466263	0.0002619820701139268
0.8616132591390612	0.48702760002796414	6.15924633171168e-05	0.07645806771443531	0.0011228155167466263	0.0019293917152323407
0.012611377098927392	0.08335516453713795	2.007293268169942e-05	0.07645806771443531	0.2368345926399664	0.0007356512990544863
0.012611377098927392	0.008292223310953731	2.007293268169942e-05	0.07645806771443531	0.041760518988863314	0.005401485325216109
0.31308298241667426	0.052912455944472754	0.06837479639793866	0.2352064573991882	0.920877996795174	0.0019293917152323407
0.9372948724982639	0.33386147667590094	2.007293268169942e-05	0.07645806771443531	0.0011228155167466263	0.0002619820701139268
0.9999935250721264	0.1908764960005908	0.27864892277892556	0.07645806771443531	0.0011228155167466263	0.0015588397266293535
0.012611377098927392	0.008292223310953731	2.007293268169942e-05	0.07645806771443531	0.0011228155167466263	0.059952784481927236
0.999259742488382	0.008292223310953731	0.002065224437705198	0.07645806771443531	0.06526600172464728	0.001124031047190927
0.9936613124084577	0.9324412022242614	2.007293268169942e-05	0.07645806771443531	0.0048022266044252205	0.001124031047190927
0.02459565168374115	0.018124240409614387	0.00034543101267879643	0.07645806771443531	0.031796750383044234	0.16808756705023525
0.9999437700568663	0.2371011068724269	0.000452407521265233	0.07645806771443531	0.033115569039839456	0.0019293917152323407
0.11538869987789983	0.008292223310953731	4.3529986322030454e-05	0.07645806771443531	0.005869864883438161	0.0002619820701139268
0.012611377098927392	0.008292223310953731	2.007293268169942e-05	0.07645806771443531	0.0011228155167466263	0.0019293917152323407
0.06231065437047925	0.0179599050628251	0.0001696797036121746	0.07645806771443531	0.02061444463426672	0.0002619820701139268
0.04891694584123721	0.008292223310953731	0.0009254247943154918	0.07645806771443531	0.04624821367680275	0.0002619820701139268
0.9931144194302051	0.12761729130751104	0.7285492296915853	0.07645806771443531	0.0011228155167466263	0.0019293917152323407
0.012611377098927392	0.9921069695919463	0.0004957260824436056	0.07645806771443531	0.00858904898137494	0.0019293917152323407
0.012611377098927392	0.043037581890893586	2.007293268169942e-05	0.07645806771443531	0.07037841366516022	0.9345145026147913
0.012611377098927392	0.008292223310953731	2.007293268169942e-05	0.07645806771443531	0.0011228155167466263	0.0002619820701139268
0.9934230681413923	0.062147143729826465	0.0011886021276631506	0.07645806771443531	0.030510675389488755	0.0019293917152323407
0.012611377098927392	0.9406896048096036	6.673547446166938e-05	0.07645806771443531	0.0011228155167466263	0.972021886584407
0.02459565168374115	0.008292223310953731	0.006816991508560797	0.07645806771443531	0.0048022266044252205	0.038894548599437716
0.31308298241667426	0.0533792274763881	0.04329311470212266	0.07645806771443531	0.007520327153927255	0.9999999925088717
0.02459565168374115	0.008292223310953731	4.0582401412646766e-05	0.07645806771443531	0.0011228155167466263	0.002679043718525391
0.9987374884758083	0.48702760002796414	0.0011048998845985035	0.07645806771443531	0.016708359004275877	0.00890639860501937
0.9995076185019508	0.16316157878096446	0.006083949347178654	0.07645806771443531	0.0011228155167466263	0.001124031047190927
0.017926364583193827	0.9993016226778805	0.00043906039288735743	0.07645806771443531	0.0026554604640513504	0
0.014404794731933143	0.011674989819548634	0.0002996523226227323	0.07645806771443531	0.013431017047282423	0.008219315401227273
0.9978443977055682	0.0179599050628251	0.0004537306399205828	0.07645806771443531	0.025518115753738177	0.0009552642840583701
0.012611377098927392	0.008292223310953731	2.007293268169942e-05	0.07645806771443531	0.0022205428425468333	0.0002619820701139268
0.032985751438644885	0.0179599050628251	2.007293268169942e-05	0.07645806771443531	0.08306515238272655	0.005401485325216109
0.9755721897519813	0.008292223310953731	0.0037233198689538287	0.07645806771443531	0.0048022266044252205	0.3997272332663977
0.7298686171531561	0.9478549439482824	0.9995523418451718	0.2352064573991882	0.6576347069569005	0.0002619820701139268
0.09751788103262242	0.4309160315917349	0.0008581410459286396	0.07645806771443531	0.006696015974799098	0.008219315401227273
0.02459565168374115	0.018124240409614387	0.9983335485945769	0.07645806771443531	0.0048022266044252205	0.5699390180538747
0.28260327121287	0.024907272135625363	0.0001752315514936325	0.9961576857231562	0.0011228155167466263	0.0002619820701139268
0.8760021298538981	0.3924968628156034	0.06805470651471364	0.07645806771443531	0.009453898609268357	0.0019293917152323407
0.9820431067180583	0.12658816057198488	0.014240884527896229	0.07645806771443531	0.014171797056534178	0.0030244896552157814
0.9999886037971675	0.008292223310953731	0.0027182010389606467	0.07645806771443531	0.010663318174457781	0.0016905836055613704
0.012611377098927392	0.008292223310953731	2.007293268169942e-05	0.07645806771443531	0.00858904898137494	0.0002619820701139268
0.9718558026856635	0.011674989819548634	4.5516568802336465e-05	0.07645806771443531	0.026245756335284632	0.0002619820701139268
0.9864346013459513	0.008292223310953731	0.0004957260824436056	0.07645806771443531	0.0011228155167466263	0.0052584964276245795
0.9969474114348224	0.10546956586294387	0.11629286436061745	0.07645806771443531	0.5805505075647175	0.0012928620441987671
0.014404794731933143	0.011674989819548634	4.5516568802336465e-05	0.07645806771443531	0.013431017047282423	0.0002619820701139268
0.012611377098927392	0.008292223310953731	2.007293268169942e-05	0.07645806771443531	0.0011228155167466263	0.0012167040258418652
0.5695814790488409	0.7955269680898334	0.0064004442777724005	0.07645806771443531	0.9999999993809249	0.0002619820701139268
0.012611377098927392	0.008292223310953731	2.007293268169942e-05	0.07645806771443531	0.0011228155167466263	0.0002619820701139268
0.012611377098927392	0.9993586961311568	0.1681454240213881	0.07645806771443531	0.008752626502846701	0.26983545796786224
0.3233865761436069	0.043037581890893586	0.00026064413253517357	0.07645806771443531	0.0011228155167466263	0.001124031047190927
0.06309409815562904	0.008292223310953731	0.000305714364853962	0.07645806771443531	0.0048178178274466904	0.0019293917152323407
0.9408522440050366	0.026960571037278693	2.007293268169942e-05	0.07645806771443531	0.0011228155167466263	0.0002619820701139268
0.9995312538903457	0.5712249460592672	0.00036971085894040533	0.07645806771443531	0.0011228155167466263	0.0002619820701139268
0.012611377098927392	0.18872291611488085	0.006516779509206669	0.07645806771443531	0.4714523943866351	0.0002619820701139268
0.9998648600212897	0.1234091906344342	0.2997784202532388	0.07645806771443531	0.02912536468575968	0.0002619820701139268
0.014404794731933143	0.011674989819548634	4.5516568802336465e-05	0.07645806771443531	0.013431017047282423	0.0002619820701139268
0.22911056181471567	0.3763557588728869	0.0002891068259259769	0.07645806771443531	0.0056786672417872795	0.0002619820701139268
0.9707618885617362	0.05687181349548025	0.12245004299554725	0.07645806771443531	0.9999999991889477	0.06631827367680419
0.9988836909876662	0.008292223310953731	0.0019469757959982026	0.2352064573991882	0.0056786672417872795	0.0002619820701139268
0.02459565168374115	0.008292223310953731	0.0003723133999264251	0.07645806771443531	0.0011228155167466263	0.0002619820701139268
0.9783167872210435	0.5876512301768407	0.004453073691409772	0.07645806771443531	0.0011228155167466263	0.0002619820701139268
0.012611377098927392	0.008292223310953731	2.007293268169942e-05	0.07645806771443531	0.0011228155167466263	0.009459324562012391
0.9999118048287465	0.6483267613012079	0.0009375103423247935	0.07645806771443531	0.00444012752782027	0.001137107185171655
0.25945991502793153	0.026830411568439544	0.6308975844555121	0.07645806771443531	0.9803542385855473	0.0002619820701139268
0.16820028840145607	0.7371345767199089	2.007293268169942e-05	0.07645806771443531	0.01910154021383838	0.3526258787796029
0.10094228099739896	0.062147143729826465	4.0582401412646766e-05	0.07645806771443531	0.0011228155167466263	0.025173265755156042
0.9983791777361524	0.008292223310953731	0.00017088397139139837	0.07645806771443531	0.0011228155167466263	0.0019293917152323407
0.012611377098927392	0.0533792274763881	0.0002736179810989496	0.07645806771443531	0.04060116322787524	0.0002619820701139268
0.012611377098927392	0.008292223310953731	0.00014497478056299317	0.07645806771443531	0.0048022266044252205	0.0012444896401950358
0.012611377098927392	0.008292223310953731	2.007293268169942e-05	0.07645806771443531	0.0011228155167466263	0.006176729246097037
0.9948876179362641	0.008292223310953731	0.000305714364853962	0.07645806771443531	0.0056786672417872795	0.0002619820701139268
0.012611377098927392	0.018124240409614387	0.00036971085894040533	0.07645806771443531	0.0011228155167466263	0.23604600783354826
0.8876912541461078	0.2371011068724269	0.009395089306880608	0.07645806771443531	0.0022205428425468333	0.0002619820701139268
0.012611377098927392	0.008292223310953731	2.007293268169942e-05	0.07645806771443531	0.0011228155167466263	0.0002619820701139268
0.22911056181471567	0.008292223310953731	0.0002824075212981102	0.07645806771443531	0.9951307344764865	0.0011221698423885648
0.02459565168374115	0.1439119597703151	0.9757038857509392	0.07645806771443531	0.00858904898137494	0.9997836323033584
0.12926297899231518	0.1780868692219962	0.0044612897471797384	0.07645806771443531	0.0011228155167466263	0.0012444896401950358
0.012611377098927392	0.026960571037278693	0.9487712218990627	0.07645806771443531	0.947955195522756	0.00899948434839393
0.9850587249682238	0.7949185769513295	0.02445620813630156	0.07645806771443531	0.08806919983327291	0.003623628801519392
0.012611377098927392	0.008292223310953731	0.005369818130901129	0.07645806771443531	0.010663318174457781	0.0019293917152323407
0.11682431861234961	0.2574877985125774	0.0008320464835494722	0.07645806771443531	0.38765363698610666	0
0.07066581047324905	0.025415133415125926	0.001787971696180605	0.07645806771443531	0.013431017047282423	0.9999999615897834
0.10396201838636056	0.008292223310953731	0.9168737482084558	0.07645806771443531	0.007706439475444391	0.007219483224187955
0.012611377098927392	0.008292223310953731	0.998322933806038	0.07645806771443531	0.0011228155167466263	0.001124031047190927
0.06231065437047925	0.008292223310953731	0.007057130763829774	0.9961576857231562	0.010766827937615173	0.0002619820701139268
0.012611377098927392	0.008292223310953731	0.7769926571739735	0.07645806771443531	0.0048178178274466904	0.001124031047190927
0.3697805535633104	0.024907272135625363	0.9999998750330584	0.07645806771443531	0.009493652517096772	0.003146182756855579
0.012611377098927392	0.008292223310953731	0.00011458956194464774	0.07645806771443531	0.0011228155167466263	0.0019454406793438482
0.07806854546402602	0.9995772159849887	0.003524393951280181	0.07645806771443531	0.07709496428033226	0
0.020459945421433107	0.023983498155485627	0.0003643781922929892	0.07645806771443531	0.021143713990990888	0
0.7108798504939238	0.07076038211471151	0.8080739321464097	0.07645806771443531	0.9999968275500017	0.0019293917152323407
