BN2.Full	EZB.Full	MCD.Full	N1.Full	SDT.Full	A53.Full
0	0	0.0247290194026499	0	0	0.00224143637375865
0.063094098155629	0	0.930264496491408	0	0	0.00223772908020461
0.999908402517792	0	0.776268423293734	0	0.714394316119017	0
0	0	0	0	0	0.0176220664319627
0	0	0	0	0.0247987942588678	0
0	0	0	0	0	0.00270991020440006
0	0.0573713970129105	0.00208455590057099	0	0	0.00257163149644599
0	0	0.0736800559135825	0	0	0.99972085230498
0.168200288401456	0	0.707531357423814	0	0.0203587811545838	0.00188861574650399
0.0635913432515467	0	0.99999263831664	0	0	0.840228324518489
0.905273990113981	0	0	0.996157685723156	0	0
0.177399613007805	0	0.00271029242970271	0	0	0
0.0635913432515467	0	0.032490326692013	0	0	0.288628048228627
0.818366827076374	0	0	0	0	0.00224143637375865
0.444570640976722	0	0.134633381974921	0	0	0
0.313082982416674	0.0780377542270375	0.999978976193025	0	0	0.409604021382946
0	0	0.999998486875383	0	0.748721605035949	0.00586485578862465
0.625887422459621	0.392496862815603	0.000248797445853368	0	0.0226580452908681	0.00661607563517237
0.661374192107257	0	0.0508512430228133	0	0	0.999992580493337
0.978316787221044	0.975751482991839	0	0	0	0.168705473164057
0	0	0.0255519534172193	0	0	0.0253064241596216
0	0	0.856031464488633	0	0	0.999999999999996
0.28260327121287	0.999615281345292	0.000384275221228847	0	0.0685429696809701	0
0	0	0.00178214330315714	0	0	0
0.100942280997399	0	0.00723540090903484	0	0	0
0	0	0.000881897153290294	0.996157685723156	0	0.0247928322435959
0.226652732691787	0.127617291307511	0.99990842163816	0	0	0.000186254228260986
0	0.0576409411123344	0.999911805684257	0	0	0
0.989956967984805	0	0	0	0	0.792611598837348
0.115975649207802	0	0.000372313399926426	0	0	0.999971825211328
0.96595464494272	0	0	0	0.424770036898942	0
0	0	0.000766345551420553	0	0	0.000799161123806767
0	0	0.999996952966425	0	0	0
0	0.0903150250648154	0.00239737956789067	0	0	0
0	0	0.999784787129552	0	0.0111805953642328	0.999115891969899
0	0.0568718134954802	0.617455720047491	0	0.999999960025218	0.0160640828014043
0.999232424173351	0	0.770946821363258	0	0	0
0	0	0.999987841357413	0	0.354345206595408	0
0.0635913432515467	0	0.799193546384919	0	0	0.00673913040607184
0	0	0.000706303244082341	0	0	0.0066790890728679
0	0	0.176807817980747	0	0	0.005438083985545
0	0	0.445395606290265	0	0	0
0.163206251182489	0	0.0638014846325963	0.996157685723156	0	0
0.879177459203086	0	0.257434287105792	0	0	0.004151748208405
0.728504084404173	0.167184567828571	0.0821825100640839	0	0	0.0258386837005775
0	0	0.978594163592486	0	0	0.999999999999756
0.361775446825775	0	0.999999996206147	0	0.0186535363142558	0.0133107623411821
0	0	0.090667327034609	0	0	0.00393469598919487
0.999952407827245	0	0	0	0	0.00298211727508963
0	0	0.0734289319208755	0	0.0524719403209801	0.00560893940985959
0	0.129698275333354	0.985439261889941	0	0	0
0	0	0.353400252029013	0	0	0.00884892872315377
0.999924539134458	0.494291562890177	0.00296916396150624	0	0.0792150408802778	0.00224143637375865
0.771987966274764	0	0.00057540395909247	0.996157685723156	0	0
0	0	0.00194299439494743	0	0.0356258714721304	0.999999999999954
0	0	0.000516819183150251	0	0	0.447339585833521
0	0	0.0058607763333276	0	0	0
0.506888798754791	0	0.999996959838157	0.235206457399188	0.0361202009920195	0
0	0	0.00927641459095831	0.99958192479658	0.203353797433104	0.00804433234614961
0	0	0.000160107654851208	0	0	0.00586485578862465
0	0	0.00644220840011413	0	0	0.999995402078833
0	0	0.00366594124625168	0	0	0.974979247083942
0.115975649207802	0	0.998660404568471	0	0	0.0113943323174034
0	0	0	0.996157685723156	0	0
0.439058898185059	0	0.0318385028823016	0	0	0
0	0	0.999877512882523	0	0.00866237974653808	0
0	0	0.00053388842413327	0	0	0.00586485578862465
0.169376126416845	0	0.641853722955406	0	0	0.999962368917309
0	0	0.999377191300904	0	0.0436438117332905	0
0.636891845413201	0.881722626395822	0	0	0	0
0.47422163491609	0	0.999999990209219	0	0	0.00176170252939124
0	0.0903150250648154	0.00291590098983857	0	0	0.999999999830044
0	0.0903150250648154	0.999855864274397	0	0	0
0	0	0	0	0	0
0.1153886998779	0	0.0398744867743696	0	0	0
0.319528887122512	0	0.976442973268951	0	0.2260281686885	0.382751430023449
0	0	0.997946893823916	0	0	0.000522972973996094
0.602204812054486	0	0.999999999433166	0	0.0226624780678863	0.118619567540909
0	0	0.223619295559515	0	0	0.99999929070852
0.781270652167855	0	0.999946311900282	0	0.537656938896892	0.00384471211488656
0	0	0	0	0	0
0	0	0	0.235206457399188	0	0.027236941221808
0	0	0.000721320659580673	0	0	0.999999975262382
0	0.946399459851128	0.00927641459095831	0.998962768332618	0.946905172440179	0.910918739201011
0	0	0.094836724608962	0	0	0.63209235721369
0	0	0.999469200309598	0	0	0.00562043550711908
0.150720724393814	0	0	0	0	0.00193923173612817
0	0	0.00271029242970271	0	0	0
0	0.999634333609941	0.366621679335897	0	0	0.00176170252939124
0.130042717565142	0	0.981528718044863	0	0	0
0	0	0.128665859314977	0	0	0
0.514776406865115	0	0.99990250970246	0	0	0
0.313082982416674	0	0.00113713451168492	0	0	0.00186685709468063
0	0	0.00165685567133848	0	0	0.999994211745525
0.0733972136594015	0.0897831216086075	0.307056270406121	0	0	0
0	0	0.985915844160497	0	0	0
0	0	0.0765013374878706	0	0	0
0	0	0.999965819592973	0	0.850826489862292	0.0275047235461604
0	0	0.17171694196903	0	0	0.952207870013091
0.201270648825759	0.0576409411123344	0.999998436548822	0	0.595545016771156	0.00652694188127258
0	0	0.0377999808534049	0.432938179205768	0.481670527516181	0
0	0.0533792274763881	0.308651583070747	0	0	0.0277529468592634
0.728504084404173	0.0533792274763881	0.00238692251493556	0	0.0489239712916594	0.859354675075737
0	0	0.00134630287659423	0	0	0
0.959085654298934	0	0.00385350804372777	0	0	0
0	0	0.00118860212766315	0	0	0.0263058403088983
0.130042717565142	0	0.999999997326246	0	0	0.999598810031337
0.418451876966314	0	0.99998912077375	0	0	0
0	0	0.999999978104695	0	0	0
0	0	0.302988177424812	0	0	0.00586485578862465
0	0	0	0	0	0.112949814229304
0.381528052095593	0	0.9155202665539	0	0.0984188120650431	0.999993699923813
0.999796284652274	0.127617291307511	0	0	0	0
0	0	0	0	0	0
0.953601569561871	0	0.97507842574925	0	0.0174724052044625	0.00961356734295845
0	0	0.423212868159395	0	0.0210021928897976	0.00649007143766165
0	0.262760809339565	0.0172891530706059	0	0	0.00498783597362974
0.238077358340085	0	0	0	0	0.999983386341518
0.998491522336424	0.521254524558624	0.0994162663545109	0	0.0281243155327355	0.000483528326946654
0.703377376673284	0	0.00208886820556677	0	0.0693062410033457	0
0.236560415191413	0	0.000502644175657676	0	0	0.0241906492675955
0	0	0.00429499315877586	0.996157685723156	0	0.00384471211488656
0	0	0.982731153747094	0	0	0.00238344764322792
0	0.299333363940288	0.0474701418139347	0	0	0.99999996595187
0.991952806493698	0	0.0020652244377052	0	0	0
0.192146969155784	0.326483931845773	0.458441231438077	0	0	0
0.154499024526056	0	0	0	0	0
0	0	0.00383894509677694	0	0	0
0	0	0.0184182660907295	0	0	0
0.169376126416845	0	0	0	0	0.0233934241411225
0	0	0.0465820123639813	0	0	0
0.379552410725119	0	0.99999592285697	0	0	0.00756759605976816
0.776700857873698	0	0.989654920505172	0	0.203690162425046	0
0	0	0.999998734979517	0	0.0156209841233104	0.00143319811742493
0	0.262760809339565	0.0130594753411906	0	0	0.00384394620483045
0	0	0.0019469757959982	0	0	0.999998934162597
0	0	0	0	0	0
0.959085654298934	0	0.00108581848961546	0	0	0.00419833144395084
0	0	0.00215902748349086	0	0	0.0017295478516999
0.99999486693075	0.0571391527132549	0.00136226569031805	0	0.022879572679828	0.598048303128647
0.71397280099947	0.127617291307511	0.0629117111106809	0	0.999999674435607	0.00137221144094441
0	0.0533792274763881	0.0358488494541672	0	0	0
0	0.0576409411123344	0.00128620403238266	0	0	0.999999998081231
0	0	0.999843614414824	0	0	0.0126812059302493
0.313082982416674	0	0.551251673262476	0	0	0
0	0.127617291307511	0.998487904459751	0	0.0478353648866213	0.000799161123806767
0	0	0.108151949516251	0	0	0
0	0	0	0	0	0.999978668042343
0.992905884443259	0	0.00528652667039122	0	0	0
0.979262639192865	0	0.00964605471111488	0	0	0
0	0	0.000213987297541988	0	0	0.99990225433319
0	0	0.0869399254336058	0	0.0282134791697722	0
0.383381643301275	0	0.607607002814522	0	0	0.458974219302565
0.368741338537664	0	0.00208886820556677	0.235206457399188	0.853829499455697	0
0.901636276033871	0	0.088956983443919	0	0	0
0.0635913432515467	0	0.00153304260731314	0	0.0226580452908681	0
0	0	0	0	0.0447760495867025	0
0.712874608407039	0	0.00735821704446384	0	0.558851305845506	0.426090412263642
0.999869530969715	0.127250979954943	0.169216116743868	0	0.228009073713382	0
0.842021795196867	0	0.0236495813600614	0	0.513808704106068	0.0939092597266614
0.361775446825775	0	0.999999999663548	0	0.843633320528952	0.00419749538576602
0.313082982416674	0	0.0675952678516987	0	0	0.0764311096760352
0.717432894278109	0	0.00558860268622831	0.235206457399188	0.733601493148508	0
0.361775446825775	0	0.99999993457848	0	0.289836952416494	0
0.907778641066363	0	0	0	0	0.00586368981200749
0	0.0529124559444727	0.00165864964813916	0.996157685723156	0.998531120851112	0
0	0	0	0	0	0
0.996506795842536	0	0.973992124570482	0	0.0213565319039313	0
0	0	0.0373404802794777	0	0	0
0	0	0.00271029242970271	0	0	0
0	0	0	0	0.0323650740222557	0
0	0	0.996984670339966	0	0	0.631543898906902
0	0	0.891488062477386	0	0.0204144379788223	0.486928109663027
0	0	0.999999999877713	0	0.897982129745803	0
0.999867840681001	0.404676047628757	0.0232543710315442	0	0.0255181157537382	0.00593157618013051
0.577806227282709	0	0.729208154246382	0	0	0
0	0.143911959770315	0.000535259836067091	0	0.0576378478317195	0.999986298421374
0.545684960437225	0	0.00606573538821412	0	0	0.0141732398330967
0	0	0.638105137424767	0	0	0.999879973663439
0	0	0.300415724236394	0	0	0
0	0	0.00168895674628693	0	0	0.786480750307885
0	0	0.999998061387143	0	0.225287925034265	0.0286858502853284
0	0.0616614860433731	0.012614999252772	0	0	0.0939262791710253
0	0	0.0110594641732376	0	0.0845938889087604	0.0272862406614455
0	0.308859908103487	0.0200670912945678	0	0	0
0	0	0	0	0	0
0	0.120791857339789	0.570897050739434	0	0	0.000186254228260986
0.383381643301275	0	0.00100647755605373	0	0	0
0	0	0.999989333114518	0	0.405102378044705	0.99997884907285
0	0	0.000242459994652112	0	0	0
0	0	0.0131868946861378	0	0.011554887205335	0.0395239688499102
0	0	0.0355658261194974	0	0	0.812606507812772
0	0.165897036507068	0.57324846634512	0	0.190042584964832	0
0.974955506108832	0	0.0244562081363016	0	0.0843970155759934	0
0	0	0.997377006351156	0	0	0
0	0	0.230159446602502	0.998962768332618	0	0
0.983494950118131	0.237101106872427	0.000907375489163518	0	0	0
0	0	0.00169329018301716	0	0.189741115165317	0.00745006707196022
0	0	0.101257254734602	0	0	0.0339757394071099
0	0.507355062498275	0	0.99958192479658	0	0
0.22832345366295	0	0.00651677950920666	0.432938179205768	0.0295909871213944	0
0.999663563764374	0	0.0682083517253738	0	0.0208932776112881	0.000849916428320554
0	0	0.00156606544053419	0	0	0
0	0	0.00429499315877586	0	0	0.423397536000048
0	0	0.00280259137155512	0	0	0
0	0	0.989007238099629	0	0	0.0673171598812247
0.063094098155629	0	0.998697134169751	0	0	0.0865569304386846
0.355267233379258	0	0	0	0	0
0	0	0.00239944946485393	0	0	0
0	0	0	0.996157685723156	0	0.017388199279852
0	0	0.996040947502834	0	0.315955548237369	0.43750867380528
0	0	0.000166549171149216	0	0	0.999999606930815
0	0	0	0	0	0.629369167642712
0	0	0.00217328621082867	0	0	0
0.999945026274123	0.0837110222750891	0.960056061804488	0	0	0
0	0.138008855058903	0.999999039941629	0	0.664792176661142	0
0.974955506108832	0	0	0	0	0
0	0	0.999999988663351	0	0	0.939673038492252
0	0	0.009877184034951	0	0	0
0	0	0.0679232655728999	0	0	0
0	0	0	0.996157685723156	0	0
0.99699677234516	0.180047311041712	0.0258773180372401	0	0	0
0	0	0.536165907450721	0	0	0.00585519059697277
0	0	0.999999111373104	0	0.0174724052044625	0.0229923392494748
0	0	0.999960538188657	0	0	0.0032204193743223
0	0	0.136964513240001	0	0.0685055377741521	0.519680575044414
0	0	0.999999999789001	0	0.0683532510280768	0
0	0	0.00610853007125792	0	0	0.166843956987367
0	0	0.998285224409759	0	0	0
0	0	0.0112578922591569	0	0	0.00961356734295845
0.729868617153156	0	0.979730435590014	0	0.0333970591786444	0
0.340633344057072	0	0.000539164256831614	0	0	0
0.0733972136594015	0.129698275333354	0.999999948934483	0	0.00949365251709677	0
0	0	0.99999931355476	0	0	0
0.999935078628724	0	0.996895373538973	0	0	0.00953180620864178
0	0.0568718134954802	0.0246671900180886	0	0	0
0.562565707231544	0	0	0	0	0.168157690167555
0	0	0.647610967088659	0	0	0.00913563630324891
0.261073485261565	0	0.000243622853946526	0	0	0.00384471211488656
0.40751305752927	0	0.763243506848513	0	0	0.00137221144094441
0	0	0.000485711439595557	0	0	0.0479156537089796
0.999409694891822	0	0.0184851229603048	0	0	0
0	0	0	0	0	0.390157158362978
0.676459086211593	0	0.999999997339928	0	0.405904625422558	0.00168659576041399
0.908315659049317	0.0568718134954802	0.893981522511645	0	0.120918445187455	0
0	0.167832781563234	0.999987096592127	0	0.0094630734370312	0.00498783597362974
0	0	0.999998417445908	0	0	0.99820812809704
0	0	0.999994363277842	0	0	0
0	0	0.999082444844589	0	0.629167588004646	0
0	0	0.00344601648864121	0.998962768332618	0.0391060049013054	0.156199504090631
0	0.190876496000591	0.000562763182995379	0	0	0.13259506506077
0	0	0.00156743074319936	0	0	0.0143961523705777
0	0	0	0	0	0
0.996193652083303	0	0.0195846055021624	0	0	0.0241206899276755
0.999672243328838	0	0.0374710541087833	0	0	0.0296790119152888
0.962156553656911	0	0.00227642604171922	0.235206457399188	0	0
0.384509404138244	0	0.000812692914325865	0	0	0
0	0	0.595184360513809	0	0	0
0.063094098155629	0	0.293432690785495	0	0	0
0	0	0.99942835804139	0	0	0
0	0	0.000721320659580673	0.996157685723156	0	0
0	0	0.547012768625502	0	0	0
0	0	0	0	0	0.00303666929121636
0	0	0	0.996157685723156	0	0
0	0.631965681916552	0	0	0	0
0	0	9.73663700212588e-05	0	0	0.0184261972642079
0	0	0.999735652555253	0	0	0.999988387982812
0	0	0.0020652244377052	0	0	0.99999999974247
0	0	0.99977778456678	0	0.104143661054658	0
0.115975649207802	0	0.999999249756266	0	0.0208932776112881	0
0	0	0	0	0	0.00392819910222781
0.150720724393814	0	0	0.235206457399188	0.991019421922435	0
0	0	0.994758843909884	0	0	0
0.994128684705348	0	0.734672794506891	0	0	0
0.677122681262435	0	0.000535259836067091	0	0.0445021804746474	0.0272422407409247
0	0	0.948466941187764	0	0.110818696570558	0.00205537529797601
0.0841362782890142	0	0	0	0	0.00079783741884325
0	0	0.841970334458149	0	0	0.0077452188690057
0	0	0.999176157272477	0	0.0240059179901311	0
0	0.586445610195511	0.00474328103273249	0	0	0.0151286385089401
0.986710620599557	0	0.000189563693649766	0	0.206297189220682	0.999999999964779
0	0.419959662121615	0	0	0	0.164820282020275
0	0	0.999999503793316	0	0.015143107789534	0
0	0	0	0	0	0.00482634386882613
0	0	0.132820522927831	0	0.999994722800709	0
0	0	0.066727271119071	0.996157685723156	0.0329128753613603	0
0.999982592938333	0.0388062571800004	0.476540495828413	0	0.111151533904611	0
0	0.999859981396795	0	0	0	0
0.999932206997622	0.0388062571800004	0.197183528938609	0	0.879029528757513	0
0.999815513397221	0	8.80045316406543e-05	0	0.0413961561011487	0
0	0	0	0	0	0
0.998140143962696	0.317031691760348	0.00218725377461787	0	0	0
0	0	0	0	0	0
0	0.32759946781973	0	0	0.10032650589281	0
0	0.98385981573882	0	0	0	0
0	0	0.0040282002720837	0	0.999962800565596	0
0.132817612033608	0	0.0082845956273347	0	0	0
0	0.997911140390374	0	0	0.0106091795276228	0.00649007143766165
0.0733972136594015	0.998821240023321	0	0	0.0219320745339729	0.0149225283635908
0	0.639720899320626	0	0	0.0614673796834557	0
0	0	0	0	0	0
0	0.99998310968027	0	0	0	0
0	0.999996859649428	0	0	0.041010390634062	0
0.319528887122512	0.16100987374576	0.00896239543554212	0	0	0
0.74472385068777	0	0.00308488251897766	0	0.823764245247728	0
0	0.99984981151433	0	0	0.0227564984065412	0.95319258752606
0	0.993617261302477	0.0122730771756749	0	0	0
0	0.999877365023221	0	0	0	0
0.154499024526056	0.321648175066828	0	0	0	0.99974341049569
0	0	0	0	0.999999985843294	0.0042473075741593
0	0.989548154292655	0	0	0	0
0	0.96672428312577	0	0	0.467921091397339	0
0	0.877818560436955	0.00100174611073217	0	0.0344114907489769	0
0	0.882686566704345	0.0019263191328138	0	0.999999999991456	0.00355562032317388
0	0.998558753902819	0	0	0.186752890997699	0.0024474676405811
0.313082982416674	0.950237911493956	0.000243622853946526	0	0	0.00633884261531867
0	0	0	0	0	0
0	0	0	0	0	0.00405008124791744
0	0.999915910970424	0	0	0	0
0	0.888683919299119	0	0	0.22795131762007	0
0	0	0	0	0.032263225609958	0.0644544884333748
0	0	0	0	0	0.905590983568632
0	0	0	0	0.99999871542236	0
0	0.994870440686481	0	0	0.0356460252012854	0.00384394620483045
0	0.635245183472827	0	0	0	0.0639177271832187
0	0	0	0	0	0
0	0.909325193503975	0	0	0.0248496435318121	0
0.0841362782890142	0	0.267701713485925	0	0.201928770307644	0.00176205428422833
0	0.999806095436124	0	0	0	0.99925838773296
0	0.337219509682785	0	0	0	0
0	0	0	0	0.999906935288028	0
0	0	0	0	0	0
0	0.999951947337789	0	0	0	0.0796041396767847
0.0872752214806074	0.244903298695818	0.0513784145282134	0	0.999998276757257	0
0	0.999527701257322	0.00219892410266669	0	0	0.983853946519356
0	0.996773171977339	0	0	0	0
0	0.180047311041712	0.000242998475827523	0	0	0.00374646491850874
0	0.99999598644061	0	0	0.0538987231246292	0
0	0.0576409411123344	0	0	0	0.0326755136554504
0	0.298956886402858	0	0	0	0
0	0	0.000547191887869062	0	0	0.999999964279152
0.131855281356674	0	0.00789237141304777	0	0.0546909873876745	0
0	0	0	0	0	0.00409925020689099
0	0.882686566704345	0	0	0	0
0	0.999775310557996	0	0	0	0
0.654722790606644	0	0	0	0.0639146460905969	0
0	0.996269235189648	0	0	0	0.00674095963765904
0	0	0	0	0.0445021804746474	0
0	0.999997720301015	0.00258250247094625	0	0.138458878151705	0.000571134703781511
0	0.994128501787914	0	0	0	0
0	0.737429915925222	0	0	0.103894444015537	0.0184081498437809
0	0	0	0	0	0.961389723599567
0	0.997525824497976	0	0	0	0.109240577242454
0.151796667478909	0.967021385040375	0	0	0	0
0	0.992555381157548	0	0	0.0226624780678863	0
0.976084519156725	0	0.000903047271115429	0	0	0.00498684348039911
0	0.994283652761456	0	0.235206457399188	0	0
0	0	0	0	0	0.0170119633587013
0	0.999999363632165	0.103509062796224	0	0.148152014136592	0
0.843062960827519	0.953953938362559	0.000327912725305985	0	0	0
0.46679581537716	0	0.000361115262817923	0	0	0.00374240640156832
0	0.355629102394137	0.0218922703135649	0	0.999999999354728	0
0	0	0	0	0	0
0.319528887122512	0.988866777793759	0.0129909153652109	0.235206457399188	0.0547113582753592	0.0350786287697517
0.763859830965032	0	0	0	0	0.00586368981200749
0	0.99997313878913	0	0	0	0
0	0.299333363940288	0.0346887475299301	0	0	0.999997034408729
0	0.999863376384747	0	0	0.010719489197519	0
0	0.999785738930692	0	0	0	0.162883352540878
0	0	0	0	0	0
0	0.999987183245214	0	0	0	0
0.999927403383441	0	0.00112187295984145	0	0	0
0	0	0.001015350850064	0	0	0
0	0.995611624228489	0	0	0	0
0	0.988413363767871	0	0	0	0.0186627507434034
0	0.999997969439186	0.000867625256647191	0	0.631486047356243	0.0019573839607034
0	0.984804306180339	0.00110207058306222	0	0.0161140840487499	0.958109417586705
0.999588425064516	0.23542734259	0	0	0.074582555543855	0
0.115975649207802	0.525259576050031	0.00116266179728228	0.235206457399188	0	0
0	0	0	0	0.0839167093823672	0
0	0	0	0	0	0.999999998525102
0	0	0	0	0	0
0	0.298956886402858	0	0	0.0414156834450315	0
0	0.999210968628633	0	0	0	0
0.172695506901248	0	0.335708377717436	0	0.238874940105733	0.542615576491838
0	0	0	0	0.0368305077169473	0
0.998976115853032	0.0529124559444727	0.107792672568721	0	0.950215264220547	0.0192146482277828
0	0	0	0	0	0
0.979919163234394	0	0.00296916396150624	0	0.183323708998666	0.0132952914303936
0.980988061203392	0	0	0	0	0
0	0.0388062571800004	0	0	0.087173715472269	0
0	0.730478462716682	0	0	0.254684928591139	0
0.132055408019714	0.996319276105891	0	0	0	0.0540780130156609
0.397951707904133	0	0.838767499390159	0	0.999999567370327	0
0.318028330344033	0	0	0	0	0.00264896462263734
0.354292873469236	0	0	0	0	0
0.543738622123982	0	0.0432931147021227	0	0.999999969832511	0.0294665458508696
0.999424715403384	0	0	0	0.0769420190988779	0.999620242049655
0	0	0	0	0.940893454924746	0.0173684260210259
0	0.55110975754253	0.0010744300208166	0	0.718653218368175	0
0.223072813858179	0.596909999051417	0.0305740210926851	0	0.999971764059692	0.0142284990074641
0	0	0	0	0.232556619193873	0
0	0.996819077296514	0	0	0	0
0.607266816575151	0.999988182479468	0	0	0.0570910721375473	0.00294304357797938
0	0	0	0	0.182465727073448	0.0114179815032018
0	0.932441202224261	0	0	0	0
0.893945297772388	0.97886672408013	0	0	0.940785291027093	0.987651168283764
0	0.308859908103487	0	0	0	0.0123058068780234
0	0.999948163647164	0.00152820082324468	0	0	0
0	0.877818560436955	0.001015350850064	0	0.00866237974653808	0
0.063094098155629	0.635245183472827	0	0	0	0
0	0.999843904767503	0	0	0.0930112829150615	0.451948915362467
0	0.999521472977752	0.000217166434370567	0	0.022157478194622	0
0.115975649207802	0	0	0	0	0.00350251560800265
0	0	0	0	0	0
0.481240027528656	0.98895967295856	0	0	0	0.0104649937102393
0	0.392496862815603	0	0	0	0
0.874941893551279	0.816075349654743	0.117474733913026	0	0.23806350948588	0.00107987967122193
0	0	0	0	0	0
0	0.999930489376367	0	0	0	0
0.933537606839213	0.344633730922916	0	0	0.823295922766117	0
0	0.143911959770315	0	0	0	0.0149225283635908
0	0	0	0.432938179205768	0	0
0	0	0.00679309439937097	0	0.602971585973335	0
0	0	0	0	0.0624301204240631	0
0	0	0	0	0.722061149899119	0
0	0	0	0	0	0.00953369458404892
0	0	0	0	0	0.00270936974483668
0	0.996953621283129	0	0	0	0
0.750616160092964	0.323358449188235	0.00437269782201052	0	0	0
0.998640987086942	0	0.0340959140094264	0	0.0413961561011487	0
0	0.999653481545356	0	0	0.0355141383906451	0.785698217417757
0	0	0	0	0	0
0	0	0	0	0.998029549036122	0.0463393031073997
0	0.319774958203707	0	0	0	0.00641241012602062
0	0.32759946781973	0.00431071368295854	0	0.999998739073775	0
0	0	0.0225593441322535	0	0.136382012357546	0.560337082649807
0	0.999999493246189	0	0	0.043224883671236	0
0	0.999996039841991	0.00213309565833637	0	0	0
0.973621044314193	0	0	0	0	0.000248800814748404
0	0	0	0	0.245402537964406	0
0	0.985858135035382	0	0	0	0
0.545684960437225	0	0.00422497990091026	0	0	0
0	0.568011685369189	0	0.235206457399188	0.0315028890939491	0
0	0.999633032562485	0.00318191355128631	0	0	0.999999985135379
0.999803038551933	0	0.739763855642486	0.235206457399188	0.962219513904076	0
0	0.999896012857117	0.00147954925427297	0	0.0708173181106129	0
0	0.987623393141939	0.00277201628451948	0	0	0
0	0	0.43609332270544	0	0	0
0.999994151259714	0	0	0	0	0.00290926060223077
0.987510502077102	0	0	0	0	0.00877637501324022
0.89412314839652	0.999984475809469	0	0	0.172483181953262	0.911348971659259
0	0.999138367308399	0	0	0.010719489197519	0.0427696308006501
0	0.0529124559444727	0.0010179577463935	0	0.0930607671967089	0
0	0.0388062571800004	0.946545811599124	0	0.999999999999999	0.0210683566551578
0	0	0.0678673617878016	0	0	0.00896374854680168
0.997407708207988	0	0	0	0	0.0527845201903666
0	0	0	0	0	0
0	0	0	0	0	0
0.481773005168832	0.873352127009908	0	0	0	0
0	0	0.00810352398279827	0	0.96432507405732	0
0.168200288401456	0	0.00108303799656057	0	0.999992489212615	0.00945490953955793
0.999970813287981	0.180047311041712	0	0	0	0
0.238077358340085	0	0	0	0	0
0.767597669443232	0.23542734259	0.00218725377461787	0	0	0
0.993259673379317	0	0.000365878989590355	0	0.738950643812433	0
0	0	0	0	0	0
0.996285491784047	0	0.00372331986895383	0	0	0
0.131855281356674	0.23542734259	0.00151960751622352	0	0.0930607671967089	0
0	0	0	0	0	0
0	0	0	0	0	0.00593275557518379
0	0	0	0	0	0.00992317398040107
0.169376126416845	0.237101106872427	0.0064892305230335	0	0	0.00586368981200749
0	0.167832781563234	0	0	0	0
0	0	0	0	0	0
0.677122681262435	0.127617291307511	0	0	0	0.00943670386457453
0.487361826343158	0.317031691760348	0.0735815976894537	0	0.0559786313879837	0
0	0	0.000449975085729048	0	0	0
0.974755531138306	0	0.000305714364853962	0	0	0
0.998689053253988	0.12566639642782	0.00212873446966337	0.235206457399188	0.278127513736733	0.571005706587759
0.984388237498782	0	0	0	0.171988863311598	0
0	0	0	0	0	0.00248134603184681
0	0	0	0	0	0
0.933156833867098	0	0.00234575284442877	0	0	0
0.861613259139061	0.487027600027964	0	0	0	0
0	0.0833551645371379	0	0	0.236834592639966	0.000523077524334497
0	0	0	0	0.0417605189888633	0.00384547817696189
0.313082982416674	0.0529124559444727	0.0683747963979387	0.235206457399188	0.920877996795174	0
0.937294872498264	0.333861476675901	0	0	0	0
0.999993525072126	0.190876496000591	0.278648922778926	0	0	0
0	0	0	0	0	0.0433590774701848
0.999259742488382	0	0.0020652244377052	0	0.0652660017246472	0
0.993661312408458	0.932441202224261	0	0	0	0.00168625904374217
0	0	0.000345431012678796	0	0.0317967503830443	0.305830783381015
0.999943770056866	0.237101106872427	0	0	0.0331155690398394	0
0.1153886998779	0	0	0	0	0
0	0	0	0	0	0
0	0	0	0	0.0206144446342667	0
0	0	0.000925424794315491	0	0.0462482136768027	0
0.993114419430205	0.127617291307511	0.728549229691585	0	0	0.00289357396586302
0	0.992106969591946	0	0	0	0
0	0	0	0	0.0703784136651602	0.910231039215025
0	0	0	0	0	0
0.993423068141392	0	0.00118860212766315	0	0.0305106753894888	0
0	0.940689604809604	0	0	0	0.986971656715333
0	0	0.00681699150856079	0	0	0.0279532810773931
0.313082982416674	0.0533792274763881	0.0432931147021227	0	0	0.999999999291484
0	0	0	0	0	0.0019055980183629
0.998737488475808	0.487027600027964	0.0011048998845985	0	0.0167083590042759	0.00634591230912333
0.999507618501951	0	0.00608394934717865	0	0	0
0	0.998987979258074	0	0	0	0
0	0	0	0	0	0.0186141370649614
0.997844397705568	0	0.000453730639920583	0	0.0255181157537382	0
0	0	0	0	0	0
0	0	0	0	0.0830651523827266	0.00384394620483045
0.975572189751981	0	0.00372331986895383	0	0	0.321182892108683
0.729868617153156	0.947854943948282	0.999552341845172	0.235206457399188	0.657634706956901	0
0.0975178810326225	0.430916031591735	0.00085814104592864	0	0	0.00585635489350312
0	0	0.998333548594577	0	0	0.484995281593335
0.28260327121287	0	0	0.996157685723156	0	0
0.876002129853898	0.392496862815603	0.0680547065147136	0	0	0
0.982043106718058	0.126588160571985	0.0142408845278962	0	0.0141717970565342	0
0.999988603797167	0	0.00271820103896065	0	0	0
0	0	0	0	0	0
0.971855802685664	0	0	0	0	0
0.986434601345951	0	0	0	0	0.0113943323174034
0.996947411434822	0.105469565862944	0.116292864360617	0	0.580550507564718	0
0	0	0	0	0	0
0	0	0	0	0	0
0.569581479048841	0.795526968089833	0.0064004442777724	0	0.999999999380925	0
0	0	0	0	0	0
0	0.999358696131157	0.168145424021388	0	0.0087526265028467	0.2080043670432
0.323386576143607	0	0.000260644132535174	0	0	0.000799161123806767
0.063094098155629	0	0.000305714364853962	0	0	0
0.940852244005037	0	0	0	0	0
0.999531253890346	0.571224946059267	0.000369710858940405	0	0	0
0	0.188722916114881	0.00651677950920666	0	0.471452394386635	0
0.99986486002129	0	0.299778420253239	0	0.0291253646857596	0
0	0	0	0	0	0
0	0.376355758872887	0.000289106825925977	0	0	0
0.970761888561736	0.0568718134954802	0.122450042995547	0	0.999999999188948	0.0480527897748995
0.998883690987666	0	0.0019469757959982	0.235206457399188	0	0
0	0	0.000372313399926426	0	0	0
0.978316787221044	0.587651230176841	0.00445307369140977	0	0	0
0	0	0	0	0	0.0421402408442994
0.999911804828747	0.648326761301208	0.000937510342324794	0	0	0
0.259459915027931	0	0.630897584455512	0	0.980354238585547	0
0.168200288401456	0.737134576719909	0	0	0.0191015402138384	0.279034479378255
0.100942280997399	0	0	0	0	0.0180212783302225
0.998379177736152	0	0	0	0	0
0	0.0533792274763881	0.00027361798109895	0	0.0406011632278753	0
0	0	0	0	0	0
0	0	0	0	0	0.00439707148525642
0.994887617936264	0	0.000305714364853962	0	0	0.0012054203593289
0	0	0.000369710858940405	0	0	0.180033567226004
0.887691254146108	0.237101106872427	0.00939508930688061	0	0	0
0	0	0	0	0	0
0	0	0.00028240752129811	0	0.995130734476486	0.00323095537067787
0	0.143911959770315	0.975703885750939	0	0	0.999925007090785
0	0.178086869221996	0.00446128974717974	0	0	0
0	0	0.948771221899063	0	0.947955195522756	0.00641241012602062
0.985058724968224	0.794918576951329	0.0244562081363016	0	0.0880691998332728	0.00257818431963
0	0	0.00536981813090113	0	0	0
0	0	0.00079586176209942	0	0.28410605120782	0
0	0	0.000603334816240332	0	0	0.999999948506771
0	0	0.916873748208456	0	0	0.00514093820913395
0	0	0.998322933806038	0	0	0
0	0	0.00705713076382977	0.996157685723156	0	0
0	0	0.776992657173973	0	0	0
0.36978055356331	0	0.999999875033058	0	0.00949365251709677	0.00223772908020461
0	0	0	0	0	0
0	0.999745233952665	0.003996357323643	0	0.0497607626103244	0
0	0	0	0	0	0
0.710879850493924	0	0.80807393214641	0	0.999996827550002	0
